# iter  L2_error
0 7.09426254371298e-03
1 6.40070295377841e-03
2 5.87988956488360e-03
3 5.43662267806164e-03
4 5.04200849723650e-03
5 4.68176725929517e-03
6 4.34740194339992e-03
7 4.03345904215421e-03
8 3.73634931514823e-03
9 3.45373355757301e-03
10 3.18415812376814e-03
11 2.92681348070538e-03
12 2.68135746843817e-03
13 2.44777499206140e-03
14 2.22626083712852e-03
15 2.01712018203118e-03
16 1.82068537702752e-03
17 1.63724920154756e-03
18 1.46701501462745e-03
19 1.31006362895229e-03
20 1.16633584748494e-03
21 1.03562872876419e-03
22 9.17602976748511e-04
23 8.11798455967849e-04
24 7.17654713443562e-04
25 6.34533512325854e-04
26 5.61740711782710e-04
27 4.98545344834962e-04
28 4.44194461208248e-04
29 3.97923242900544e-04
30 3.58961052299276e-04
31 3.26535277089009e-04
32 2.99875699350906e-04
33 2.86156447313245e-04
34 2.76161949454310e-04
35 2.68407218049571e-04
36 2.62398229410303e-04
37 2.57727788887478e-04
38 2.54068689917154e-04
39 2.51163613137137e-04
40 2.48813829305500e-04
41 2.46868174210123e-04
42 2.45213144984755e-04
43 2.43764482646820e-04
44 2.42460289770398e-04
45 2.41255558375269e-04
46 2.40117907677381e-04
47 2.39024315088777e-04
48 2.37958638533278e-04
49 2.36909755979467e-04
50 2.35870179050270e-04
51 2.34835026626810e-04
52 2.33801269445131e-04
53 2.32767177294967e-04
54 2.31731916844142e-04
55 2.30695260909573e-04
56 2.29657379828202e-04
57 2.28618693054422e-04
58 2.27579764747319e-04
59 2.26541231337710e-04
60 2.25503752219470e-04
61 2.24467977056534e-04
62 2.23434524936647e-04
63 2.22403971890332e-04
64 2.21376844242912e-04
65 2.20353615966865e-04
66 2.19334708715170e-04
67 2.18320493592493e-04
68 2.17311293995709e-04
69 2.16307389055273e-04
70 2.15309017354061e-04
71 2.14316380704492e-04
72 2.13329647840079e-04
73 2.12348957930665e-04
74 2.11374423868103e-04
75 2.10406135295454e-04
76 2.09444161370301e-04
77 2.08488553264877e-04
78 2.07539346413255e-04
79 2.06596562520451e-04
80 2.05660211350788e-04
81 2.04730292314052e-04
82 2.03806795868001e-04
83 2.02889704755182e-04
84 2.01978995091270e-04
85 2.01074637320883e-04
86 2.00176597055375e-04
87 1.99284835806254e-04
88 1.98399311626126e-04
89 1.97519979668196e-04
90 1.96646792673901e-04
91 1.95779701397538e-04
92 1.94918654975420e-04
93 1.94063601246518e-04
94 1.93214487030536e-04
95 1.92371258368758e-04
96 1.91533860732346e-04
97 1.90702239202203e-04
98 1.89876338624039e-04
99 1.89056103741751e-04
100 1.88241479311942e-04
101 1.87432410202001e-04
102 1.86628841473844e-04
103 1.85830718455209e-04
104 1.85037986800126e-04
105 1.84250592539943e-04
106 1.83468482126186e-04
107 1.82691602466364e-04
108 1.81919900953545e-04
109 1.81153325490680e-04
110 1.80391824510240e-04
111 1.79635346989931e-04
112 1.78883842464922e-04
113 1.78137261037115e-04
114 1.77395553381835e-04
115 1.76658670752358e-04
116 1.75926564982507e-04
117 1.75199188487640e-04
118 1.74476494264274e-04
119 1.73758435888504e-04
120 1.73044967513414e-04
121 1.72336043865667e-04
122 1.71631620241363e-04
123 1.70931652501276e-04
124 1.70236097065635e-04
125 1.69544910908462e-04
126 1.68858051551548e-04
127 1.68175477058236e-04
128 1.67497146026874e-04
129 1.66823017584198e-04
130 1.66153051378528e-04
131 1.65487207572880e-04
132 1.64825446838031e-04
133 1.64167730345547e-04
134 1.63514019760756e-04
135 1.62864277235800e-04
136 1.62218465402636e-04
137 1.61576547366082e-04
138 1.60938486697001e-04
139 1.60304247425383e-04
140 1.59673794033619e-04
141 1.59047091449821e-04
142 1.58424105041136e-04
143 1.57804800607277e-04
144 1.57189144374016e-04
145 1.56577102986834e-04
146 1.55968643504654e-04
147 1.55363733393602e-04
148 1.54762340520956e-04
149 1.54164433149143e-04
150 1.53569979929780e-04
151 1.52978949897916e-04
152 1.52391312466250e-04
153 1.51807037419523e-04
154 1.51226094909011e-04
155 1.50648455446990e-04
156 1.50074089901460e-04
157 1.49502969490822e-04
158 1.48935065778730e-04
159 1.48370350668957e-04
160 1.47808796400412e-04
161 1.47250375542205e-04
162 1.46695060988814e-04
163 1.46142825955316e-04
164 1.45593643972693e-04
165 1.45047488883252e-04
166 1.44504334836119e-04
167 1.43964156282734e-04
168 1.43426927972539e-04
169 1.42892624948653e-04
170 1.42361222543638e-04
171 1.41832696375383e-04
172 1.41307022342984e-04
173 1.40784176622729e-04
174 1.40264135664182e-04
175 1.39746876186285e-04
176 1.39232375173529e-04
177 1.38720609872209e-04
178 1.38211557786757e-04
179 1.37705196676068e-04
180 1.37201504549972e-04
181 1.36700459665710e-04
182 1.36202040524482e-04
183 1.35706225868041e-04
184 1.35212994675382e-04
185 1.34722326159424e-04
186 1.34234199763812e-04
187 1.33748595159723e-04
188 1.33265492242730e-04
189 1.32784871129758e-04
190 1.32306712156024e-04
191 1.31830995872086e-04
192 1.31357703040903e-04
193 1.30886814634960e-04
194 1.30418311833421e-04
195 1.29952176019368e-04
196 1.29488388777016e-04
197 1.29026931889054e-04
198 1.28567787333939e-04
199 1.28110937283333e-04
200 1.27656364099504e-04
201 1.27204050332763e-04
202 1.26753978719037e-04
203 1.26306132177339e-04
204 1.25860493807418e-04
205 1.25417046887330e-04
206 1.24975774871130e-04
207 1.24536661386555e-04
208 1.24099690232740e-04
209 1.23664845378015e-04
210 1.23232110957689e-04
211 1.22801471271860e-04
212 1.22372910783348e-04
213 1.21946414115514e-04
214 1.21521966050260e-04
215 1.21099551525944e-04
216 1.20679155635418e-04
217 1.20260763624018e-04
218 1.19844360887639e-04
219 1.19429932970809e-04
220 1.19017465564816e-04
221 1.18606944505839e-04
222 1.18198355773110e-04
223 1.17791685487140e-04
224 1.17386919907919e-04
225 1.16984045433156e-04
226 1.16583048596601e-04
227 1.16183916066299e-04
228 1.15786634642948e-04
229 1.15391191258227e-04
230 1.14997572973199e-04
231 1.14605766976697e-04
232 1.14215760583740e-04
233 1.13827541233991e-04
234 1.13441096490232e-04
235 1.13056414036840e-04
236 1.12673481678301e-04
237 1.12292287337768e-04
238 1.11912819055591e-04
239 1.11535064987902e-04
240 1.11159013405225e-04
241 1.10784652691079e-04
242 1.10411971340612e-04
243 1.10040957959273e-04
244 1.09671601261494e-04
245 1.09303890069349e-04
246 1.08937813311306e-04
247 1.08573360020945e-04
248 1.08210519335687e-04
249 1.07849280495611e-04
250 1.07489632842184e-04
251 1.07131565817095e-04
252 1.06775068961068e-04
253 1.06420131912698e-04
254 1.06066744407285e-04
255 1.05714896275724e-04
256 1.05364577443390e-04
257 1.05015777928999e-04
258 1.04668487843571e-04
259 1.04322697389332e-04
260 1.03978396858658e-04
261 1.03635576633031e-04
262 1.03294227182019e-04
263 1.02954339062271e-04
264 1.02615902916488e-04
265 1.02278909472471e-04
266 1.01943349542122e-04
267 1.01609214020495e-04
268 1.01276493884845e-04
269 1.00945180193712e-04
270 1.00615264085966e-04
271 1.00286736779926e-04
272 9.99595895724523e-05
273 9.96338138380624e-05
274 9.93094010280671e-05
275 9.89863426696855e-05
276 9.86646303652258e-05
277 9.83442557912197e-05
278 9.80252106976136e-05
279 9.77074869069456e-05
280 9.73910763135347e-05
281 9.70759708826895e-05
282 9.67621626499284e-05
283 9.64496437201977e-05
284 9.61384062671129e-05
285 9.58284425321961e-05
286 9.55197448241403e-05
287 9.52123055180701e-05
288 9.49061170548181e-05
289 9.46011719402103e-05
290 9.42974627443509e-05
291 9.39949821009281e-05
292 9.36937227065440e-05
293 9.33936773200044e-05
294 9.30948387616680e-05
295 9.27971999127721e-05
296 9.25007537147935e-05
297 9.22054931687833e-05
298 9.19114113347549e-05
299 9.16185013310187e-05
300 9.13267563335981e-05
301 9.10361695755891e-05
302 9.07467343465773e-05
303 9.04584439920034e-05
304 9.01712919126145e-05
305 8.98852715638599e-05
306 8.96003764553074e-05
307 8.93166001500953e-05
308 8.90339362643474e-05
309 8.87523784666350e-05
310 8.84719204774248e-05
311 8.81925560685382e-05
312 8.79142790626039e-05
313 8.76370833325623e-05
314 8.73609628010994e-05
315 8.70859114401671e-05
316 8.68119232704686e-05
317 8.65389923609374e-05
318 8.62671128282617e-05
319 8.59962788363849e-05
320 8.57264845960198e-05
321 8.54577243641727e-05
322 8.51899924436749e-05
323 8.49232831827076e-05
324 8.46575909743488e-05
325 8.43929102561116e-05
326 8.41292355094856e-05
327 8.38665612595279e-05
328 8.36048820743687e-05
329 8.33441925648271e-05
330 8.30844873839512e-05
331 8.28257612266014e-05
332 8.25680088290479e-05
333 8.23112249685263e-05
334 8.20554044628600e-05
335 8.18005421700254e-05
336 8.15466329877852e-05
337 8.12936718532707e-05
338 8.10416537425802e-05
339 8.07905736704502e-05
340 8.05404266897911e-05
341 8.02912078913852e-05
342 8.00429124034646e-05
343 7.97955353913834e-05
344 7.95490720572157e-05
345 7.93035176394207e-05
346 7.90588674124825e-05
347 7.88151166865591e-05
348 7.85722608071229e-05
349 7.83302951546419e-05
350 7.80892151442155e-05
351 7.78490162252649e-05
352 7.76096938811807e-05
353 7.73712436289917e-05
354 7.71336610190750e-05
355 7.68969416347932e-05
356 7.66610810922121e-05
357 7.64260750397596e-05
358 7.61919191579426e-05
359 7.59586091590197e-05
360 7.57261407867202e-05
361 7.54945098159118e-05
362 7.52637120523511e-05
363 7.50337433323473e-05
364 7.48045995225030e-05
365 7.45762765194077e-05
366 7.43487702493823e-05
367 7.41220766681637e-05
368 7.38961917606623e-05
369 7.36711115406591e-05
370 7.34468320505697e-05
371 7.32233493611404e-05
372 7.30006595712118e-05
373 7.27787588074410e-05
374 7.25576432240548e-05
375 7.23373090025819e-05
376 7.21177523516190e-05
377 7.18989695065548e-05
378 7.16809567293394e-05
379 7.14637103082484e-05
380 7.12472265576147e-05
381 7.10315018176169e-05
382 7.08165324540215e-05
383 7.06023148579601e-05
384 7.03888454456932e-05
385 7.01761206583870e-05
386 6.99641369618794e-05
387 6.97528908464618e-05
388 6.95423788266524e-05
389 6.93325974409823e-05
390 6.91235432517754e-05
391 6.89152128449306e-05
392 6.87076028297193e-05
393 6.85007098385593e-05
394 6.82945305268294e-05
395 6.80890615726476e-05
396 6.78842996766596e-05
397 6.76802415618658e-05
398 6.74768839733894e-05
399 6.72742236783142e-05
400 6.70722574654538e-05
401 6.68709821451868e-05
402 6.66703945492492e-05
403 6.64704915305550e-05
404 6.62712699630082e-05
405 6.60727267413083e-05
406 6.58748587807778e-05
407 6.56776630171803e-05
408 6.54811364065378e-05
409 6.52852759249586e-05
410 6.50900785684453e-05
411 6.48955413527444e-05
412 6.47016613131664e-05
413 6.45084355044098e-05
414 6.43158610003851e-05
415 6.41239348940730e-05
416 6.39326542973498e-05
417 6.37420163408031e-05
418 6.35520181736037e-05
419 6.33626569633210e-05
420 6.31739298957770e-05
421 6.29858341748832e-05
422 6.27983670224910e-05
423 6.26115256782391e-05
424 6.24253073993960e-05
425 6.22397094607113e-05
426 6.20547291542660e-05
427 6.18703637893383e-05
428 6.16866106922305e-05
429 6.15034672061543e-05
430 6.13209306910707e-05
431 6.11389985235532e-05
432 6.09576680966483e-05
433 6.07769368197308e-05
434 6.05968021183728e-05
435 6.04172614342206e-05
436 6.02383122248295e-05
437 6.00599519635568e-05
438 5.98821781394185e-05
439 5.97049882569628e-05
440 5.95283798361362e-05
441 5.93523504121694e-05
442 5.91768975354333e-05
443 5.90020187713114e-05
444 5.88277117001038e-05
445 5.86539739168752e-05
446 5.84808030313414e-05
447 5.83081966677543e-05
448 5.81361524647885e-05
449 5.79646680753997e-05
450 5.77937411667277e-05
451 5.76233694199746e-05
452 5.74535505302993e-05
453 5.72842822066779e-05
454 5.71155621718256e-05
455 5.69473881620606e-05
456 5.67797579271936e-05
457 5.66126692304450e-05
458 5.64461198483039e-05
459 5.62801075704418e-05
460 5.61146301995989e-05
461 5.59496855514776e-05
462 5.57852714546433e-05
463 5.56213857504219e-05
464 5.54580262927927e-05
465 5.52951909482867e-05
466 5.51328775958961e-05
467 5.49710841269605e-05
468 5.48098084450867e-05
469 5.46490484660350e-05
470 5.44888021176333e-05
471 5.43290673396737e-05
472 5.41698420838261e-05
473 5.40111243135369e-05
474 5.38529120039404e-05
475 5.36952031417789e-05
476 5.35379957252783e-05
477 5.33812877641000e-05
478 5.32250772792138e-05
479 5.30693623028428e-05
480 5.29141408783440e-05
481 5.27594110601418e-05
482 5.26051709136567e-05
483 5.24514185151673e-05
484 5.22981519517855e-05
485 5.21453693213359e-05
486 5.19930687322881e-05
487 5.18412483036657e-05
488 5.16899061649834e-05
489 5.15390404561324e-05
490 5.13886493273446e-05
491 5.12387309390714e-05
492 5.10892834619341e-05
493 5.09403050766341e-05
494 5.07917939738858e-05
495 5.06437483543176e-05
496 5.04961664284348e-05
497 5.03490464165045e-05
498 5.02023865485047e-05
499 5.00561850640486e-05
500 4.99104402123104e-05
501 4.97651502519413e-05
502 4.96203134510261e-05
503 4.94759280869825e-05
504 4.93319924465047e-05
505 4.91885048255020e-05
506 4.90454635290136e-05
507 4.89028668711480e-05
508 4.87607131750188e-05
509 4.86190007726750e-05
510 4.84777280050323e-05
511 4.83368932218119e-05
512 4.81964947814626e-05
513 4.80565310511202e-05
514 4.79170004065249e-05
515 4.77779012319575e-05
516 4.76392319201903e-05
517 4.75009908724131e-05
518 4.73631764981709e-05
519 4.72257872153132e-05
520 4.70888214499194e-05
521 4.69522776362528e-05
522 4.68161542166954e-05
523 4.66804496416848e-05
524 4.65451623696573e-05
525 4.64102908669943e-05
526 4.62758336079632e-05
527 4.61417890746567e-05
528 4.60081557569401e-05
529 4.58749321524034e-05
530 4.57421167662872e-05
531 4.56097081114290e-05
532 4.54777047082399e-05
533 4.53461050846123e-05
534 4.52149077758825e-05
535 4.50841113247897e-05
536 4.49537142813977e-05
537 4.48237152030556e-05
538 4.46941126543670e-05
539 4.45649052070971e-05
540 4.44360914401515e-05
541 4.43076699395163e-05
542 4.41796392982111e-05
543 4.40519981162431e-05
544 4.39247450005442e-05
545 4.37978785649339e-05
546 4.36713974300830e-05
547 4.35453002234311e-05
548 4.34195855791703e-05
549 4.32942521381857e-05
550 4.31692985480188e-05
551 4.30447234627978e-05
552 4.29205255432286e-05
553 4.27967034565030e-05
554 4.26732558763098e-05
555 4.25501814827388e-05
556 4.24274789622578e-05
557 4.23051470076805e-05
558 4.21831843181066e-05
559 4.20615895988831e-05
560 4.19403615615591e-05
561 4.18194989238485e-05
562 4.16990004095904e-05
563 4.15788647487062e-05
564 4.14590906771323e-05
565 4.13396769368391e-05
566 4.12206222757269e-05
567 4.11019254476158e-05
568 4.09835852122114e-05
569 4.08656003350520e-05
570 4.07479695874761e-05
571 4.06306917465779e-05
572 4.05137655951696e-05
573 4.03971899217639e-05
574 4.02809635204896e-05
575 4.01650851911063e-05
576 4.00495537389304e-05
577 3.99343679748240e-05
578 3.98195267151251e-05
579 3.97050287816554e-05
580 3.95908730016429e-05
581 3.94770582077150e-05
582 3.93635832378389e-05
583 3.92504469353155e-05
584 3.91376481487202e-05
585 3.90251857318749e-05
586 3.89130585438183e-05
587 3.88012654487745e-05
588 3.86898053161011e-05
589 3.85786770202823e-05
590 3.84678794408753e-05
591 3.83574114624876e-05
592 3.82472719747325e-05
593 3.81374598722175e-05
594 3.80279740544978e-05
595 3.79188134260384e-05
596 3.78099768961955e-05
597 3.77014633791894e-05
598 3.75932717940542e-05
599 3.74854010646198e-05
600 3.73778501194775e-05
601 3.72706178919644e-05
602 3.71637033200981e-05
603 3.70571053465951e-05
604 3.69508229187931e-05
605 3.68448549886571e-05
606 3.67392005127390e-05
607 3.66338584521269e-05
608 3.65288277724687e-05
609 3.64241074438814e-05
610 3.63196964409759e-05
611 3.62155937427930e-05
612 3.61117983327930e-05
613 3.60083091988312e-05
614 3.59051253331175e-05
615 3.58022457321886e-05
616 3.56996693968953e-05
617 3.55973953323819e-05
618 3.54954225480271e-05
619 3.53937500574521e-05
620 3.52923768784634e-05
621 3.51913020330653e-05
622 3.50905245473920e-05
623 3.49900434517263e-05
624 3.48898577804318e-05
625 3.47899665719489e-05
626 3.46903688687803e-05
627 3.45910637174504e-05
628 3.44920501684842e-05
629 3.43933272763804e-05
630 3.42948940995967e-05
631 3.41967497005180e-05
632 3.40988931454455e-05
633 3.40013235045347e-05
634 3.39040398518407e-05
635 3.38070412652264e-05
636 3.37103268263798e-05
637 3.36138956207761e-05
638 3.35177467376592e-05
639 3.34218792700250e-05
640 3.33262923145894e-05
641 3.32309849717622e-05
642 3.31359563456476e-05
643 3.30412055440033e-05
644 3.29467316782222e-05
645 3.28525338633140e-05
646 3.27586112178854e-05
647 3.26649628641118e-05
648 3.25715879277239e-05
649 3.24784855379913e-05
650 3.23856548276859e-05
651 3.22930949330747e-05
652 3.22008049938983e-05
653 3.21087841533416e-05
654 3.20170315580289e-05
655 3.19255463579961e-05
656 3.18343277066666e-05
657 3.17433747608306e-05
658 3.16526866806440e-05
659 3.15622626295959e-05
660 3.14721017744809e-05
661 3.13822032853976e-05
662 3.12925663357189e-05
663 3.12031901020827e-05
664 3.11140737643623e-05
665 3.10252165056553e-05
666 3.09366175122602e-05
667 3.08482759736661e-05
668 3.07601910825250e-05
669 3.06723620346522e-05
670 3.05847880289842e-05
671 3.04974682675731e-05
672 3.04104019555823e-05
673 3.03235883012345e-05
674 3.02370265158433e-05
675 3.01507158137467e-05
676 3.00646554123241e-05
677 2.99788445319667e-05
678 2.98932823960615e-05
679 2.98079682309798e-05
680 2.97229012660499e-05
681 2.96380807335566e-05
682 2.95535058687127e-05
683 2.94691759096452e-05
684 2.93850900973868e-05
685 2.93012476758495e-05
686 2.92176478918194e-05
687 2.91342899949228e-05
688 2.90511732376483e-05
689 2.89682968752831e-05
690 2.88856601659350e-05
691 2.88032623704987e-05
692 2.87211027526556e-05
693 2.86391805788376e-05
694 2.85574951182353e-05
695 2.84760456427571e-05
696 2.83948314270547e-05
697 2.83138517484614e-05
698 2.82331058870142e-05
699 2.81525931254231e-05
700 2.80723127490568e-05
701 2.79922640459368e-05
702 2.79124463067138e-05
703 2.78328588246624e-05
704 2.77535008956617e-05
705 2.76743718181898e-05
706 2.75954708932922e-05
707 2.75167974245943e-05
708 2.74383507182645e-05
709 2.73601300830151e-05
710 2.72821348300827e-05
711 2.72043642732257e-05
712 2.71268177286914e-05
713 2.70494945152198e-05
714 2.69723939540287e-05
715 2.68955153687904e-05
716 2.68188580856422e-05
717 2.67424214331403e-05
718 2.66662047422815e-05
719 2.65902073464638e-05
720 2.65144285814957e-05
721 2.64388677855650e-05
722 2.63635242992407e-05
723 2.62883974654629e-05
724 2.62134866295018e-05
725 2.61387911390004e-05
726 2.60643103439024e-05
727 2.59900435964856e-05
728 2.59159902513291e-05
729 2.58421496653045e-05
730 2.57685211975688e-05
731 2.56951042095532e-05
732 2.56218980649426e-05
733 2.55489021296795e-05
734 2.54761157719393e-05
735 2.54035383621226e-05
736 2.53311692728540e-05
737 2.52590078789600e-05
738 2.51870535574600e-05
739 2.51153056875617e-05
740 2.50437636506501e-05
741 2.49724268302567e-05
742 2.49012946120799e-05
743 2.48303663839632e-05
744 2.47596415358664e-05
745 2.46891194598898e-05
746 2.46187995502272e-05
747 2.45486812031910e-05
748 2.44787638171687e-05
749 2.44090467926396e-05
750 2.43395295321505e-05
751 2.42702114403138e-05
752 2.42010919237873e-05
753 2.41321703912739e-05
754 2.40634462535123e-05
755 2.39949189232560e-05
756 2.39265878152817e-05
757 2.38584523463658e-05
758 2.37905119352679e-05
759 2.37227660027542e-05
760 2.36552139715573e-05
761 2.35878552663613e-05
762 2.35206893138396e-05
763 2.34537155425802e-05
764 2.33869333831341e-05
765 2.33203422679774e-05
766 2.32539416314979e-05
767 2.31877309100105e-05
768 2.31217095417227e-05
769 2.30558769667454e-05
770 2.29902326270663e-05
771 2.29247759665622e-05
772 2.28595064309750e-05
773 2.27944234679044e-05
774 2.27295265268017e-05
775 2.26648150589698e-05
776 2.26002885175443e-05
777 2.25359463574837e-05
778 2.24717880355638e-05
779 2.24078130103839e-05
780 2.23440207423351e-05
781 2.22804106936077e-05
782 2.22169823281751e-05
783 2.21537351117983e-05
784 2.20906685119983e-05
785 2.20277819980673e-05
786 2.19650750410474e-05
787 2.19025471137266e-05
788 2.18401976906452e-05
789 2.17780262480598e-05
790 2.17160322639584e-05
791 2.16542152180476e-05
792 2.15925745917463e-05
793 2.15311098681650e-05
794 2.14698205321117e-05
795 2.14087060700929e-05
796 2.13477659702812e-05
797 2.12869997225251e-05
798 2.12264068183457e-05
799 2.11659867509119e-05
800 2.11057390150471e-05
801 2.10456631072224e-05
802 2.09857585255409e-05
803 2.09260247697391e-05
804 2.08664613411746e-05
805 2.08070677428170e-05
806 2.07478434792499e-05
807 2.06887880566609e-05
808 2.06299009828262e-05
809 2.05711817671150e-05
810 2.05126299204769e-05
811 2.04542449554365e-05
812 2.03960263860890e-05
813 2.03379737280889e-05
814 2.02800864986416e-05
815 2.02223642165189e-05
816 2.01648064020099e-05
817 2.01074125769595e-05
818 2.00501822647340e-05
819 1.99931149902270e-05
820 1.99362102798424e-05
821 1.98794676614941e-05
822 1.98228866646127e-05
823 1.97664668201092e-05
824 1.97102076604100e-05
825 1.96541087193960e-05
826 1.95981695324605e-05
827 1.95423896364439e-05
828 1.94867685696746e-05
829 1.94313058719248e-05
830 1.93760010844374e-05
831 1.93208537498933e-05
832 1.92658634124282e-05
833 1.92110296176077e-05
834 1.91563519124309e-05
835 1.91018298453256e-05
836 1.90474629661408e-05
837 1.89932508261383e-05
838 1.89391929779931e-05
839 1.88852889757721e-05
840 1.88315383749605e-05
841 1.87779407324169e-05
842 1.87244956063921e-05
843 1.86712025565301e-05
844 1.86180611438354e-05
845 1.85650709306925e-05
846 1.85122314808412e-05
847 1.84595423593931e-05
848 1.84070031328053e-05
849 1.83546133688923e-05
850 1.83023726367965e-05
851 1.82502805070198e-05
852 1.81983365513861e-05
853 1.81465403430410e-05
854 1.80948914564651e-05
855 1.80433894674500e-05
856 1.79920339531045e-05
857 1.79408244918368e-05
858 1.78897606633619e-05
859 1.78388420487004e-05
860 1.77880682301489e-05
861 1.77374387913084e-05
862 1.76869533170503e-05
863 1.76366113935263e-05
864 1.75864126081634e-05
865 1.75363565496525e-05
866 1.74864428079562e-05
867 1.74366709742837e-05
868 1.73870406411061e-05
869 1.73375514021355e-05
870 1.72882028523355e-05
871 1.72389945879033e-05
872 1.71899262062758e-05
873 1.71409973061158e-05
874 1.70922074873109e-05
875 1.70435563509728e-05
876 1.69950434994268e-05
877 1.69466685362079e-05
878 1.68984310660630e-05
879 1.68503306949377e-05
880 1.68023670299727e-05
881 1.67545396795105e-05
882 1.67068482530761e-05
883 1.66592923613839e-05
884 1.66118716163231e-05
885 1.65645856309634e-05
886 1.65174340195403e-05
887 1.64704163974656e-05
888 1.64235323813098e-05
889 1.63767815887925e-05
890 1.63301636388087e-05
891 1.62836781513821e-05
892 1.62373247476918e-05
893 1.61911030500660e-05
894 1.61450126819593e-05
895 1.60990532679618e-05
896 1.60532244338004e-05
897 1.60075258063184e-05
898 1.59619570134822e-05
899 1.59165176843834e-05
900 1.58712074492137e-05
901 1.58260259392851e-05
902 1.57809727870134e-05
903 1.57360476259069e-05
904 1.56912500905802e-05
905 1.56465798167373e-05
906 1.56020364411786e-05
907 1.55576196017763e-05
908 1.55133289374922e-05
909 1.54691640883706e-05
910 1.54251246955242e-05
911 1.53812104011332e-05
912 1.53374208484530e-05
913 1.52937556817898e-05
914 1.52502145465224e-05
915 1.52067970890767e-05
916 1.51635029569268e-05
917 1.51203317986041e-05
918 1.50772832636732e-05
919 1.50343570027526e-05
920 1.49915526674813e-05
921 1.49488699105498e-05
922 1.49063083856540e-05
923 1.48638677475460e-05
924 1.48215476519735e-05
925 1.47793477557205e-05
926 1.47372677165785e-05
927 1.46953071933515e-05
928 1.46534658458478e-05
929 1.46117433348947e-05
930 1.45701393223045e-05
931 1.45286534708997e-05
932 1.44872854444871e-05
933 1.44460349078710e-05
934 1.44049015268453e-05
935 1.43638849681805e-05
936 1.43229848996319e-05
937 1.42822009899367e-05
938 1.42415329087978e-05
939 1.42009803269000e-05
940 1.41605429158842e-05
941 1.41202203483601e-05
942 1.40800122979109e-05
943 1.40399184390464e-05
944 1.39999384472690e-05
945 1.39600719990028e-05
946 1.39203187716369e-05
947 1.38806784434970e-05
948 1.38411506938526e-05
949 1.38017352029192e-05
950 1.37624316518323e-05
951 1.37232397226728e-05
952 1.36841590984462e-05
953 1.36451894630877e-05
954 1.36063305014476e-05
955 1.35675818993066e-05
956 1.35289433433516e-05
957 1.34904145211887e-05
958 1.34519951213366e-05
959 1.34136848332186e-05
960 1.33754833471693e-05
961 1.33373903544093e-05
962 1.32994055470732e-05
963 1.32615286181866e-05
964 1.32237592616697e-05
965 1.31860971723344e-05
966 1.31485420458720e-05
967 1.31110935788557e-05
968 1.30737514687567e-05
969 1.30365154139077e-05
970 1.29993851135253e-05
971 1.29623602676966e-05
972 1.29254405773830e-05
973 1.28886257443979e-05
974 1.28519154714409e-05
975 1.28153094620541e-05
976 1.27788074206455e-05
977 1.27424090524840e-05
978 1.27061140636790e-05
979 1.26699221611978e-05
980 1.26338330528599e-05
981 1.25978464473233e-05
982 1.25619620540801e-05
983 1.25261795834785e-05
984 1.24904987466963e-05
985 1.24549192557326e-05
986 1.24194408234406e-05
987 1.23840631634841e-05
988 1.23487859903586e-05
989 1.23136090193871e-05
990 1.22785319667057e-05
991 1.22435545492749e-05
992 1.22086764848631e-05
993 1.21738974920607e-05
994 1.21392172902609e-05
995 1.21046355996625e-05
996 1.20701521412839e-05
997 1.20357666369289e-05
998 1.20014788092128e-05
999 1.19672883815390e-05
1000 1.19331950781128e-05
1001 1.18991986239246e-05
1002 1.18652987447731e-05
1003 1.18314951672176e-05
1004 1.17977876186260e-05
1005 1.17641758271281e-05
1006 1.17306595216455e-05
1007 1.16972384318860e-05
1008 1.16639122883083e-05
1009 1.16306808221680e-05
1010 1.15975437654720e-05
1011 1.15645008510131e-05
1012 1.15315518123304e-05
1013 1.14986963837436e-05
1014 1.14659343003177e-05
1015 1.14332652978879e-05
1016 1.14006891130416e-05
1017 1.13682054831136e-05
1018 1.13358141461973e-05
1019 1.13035148411362e-05
1020 1.12713073075127e-05
1021 1.12391912856610e-05
1022 1.12071665166508e-05
1023 1.11752327422940e-05
1024 1.11433897051462e-05
1025 1.11116371484853e-05
1026 1.10799748163345e-05
1027 1.10484024534413e-05
1028 1.10169198052801e-05
1029 1.09855266180547e-05
1030 1.09542226386925e-05
1031 1.09230076148410e-05
1032 1.08918812948692e-05
1033 1.08608434278591e-05
1034 1.08298937636127e-05
1035 1.07990320526419e-05
1036 1.07682580461718e-05
1037 1.07375714961340e-05
1038 1.07069721551596e-05
1039 1.06764597766023e-05
1040 1.06460341145021e-05
1041 1.06156949235969e-05
1042 1.05854419593367e-05
1043 1.05552749778543e-05
1044 1.05251937359825e-05
1045 1.04951979912439e-05
1046 1.04652875018496e-05
1047 1.04354620267008e-05
1048 1.04057213253752e-05
1049 1.03760651581440e-05
1050 1.03464932859612e-05
1051 1.03170054704481e-05
1052 1.02876014739015e-05
1053 1.02582810593111e-05
1054 1.02290439903304e-05
1055 1.01998900312713e-05
1056 1.01708189471283e-05
1057 1.01418305035661e-05
1058 1.01129244668973e-05
1059 1.00841006041201e-05
1060 1.00553586828666e-05
1061 1.00266984714506e-05
1062 9.99811973883672e-06
1063 9.96962225463155e-06
1064 9.94120578911217e-06
1065 9.91287011319951e-06
1066 9.88461499846190e-06
1067 9.85644021711113e-06
1068 9.82834554201134e-06
1069 9.80033074667357e-06
1070 9.77239560524205e-06
1071 9.74453989249364e-06
1072 9.71676338386378e-06
1073 9.68906585540502e-06
1074 9.66144708380853e-06
1075 9.63390684640109e-06
1076 9.60644492113771e-06
1077 9.57906108659730e-06
1078 9.55175512199268e-06
1079 9.52452680715630e-06
1080 9.49737592253860e-06
1081 9.47030224922012e-06
1082 9.44330556889433e-06
1083 9.41638566387568e-06
1084 9.38954231708782e-06
1085 9.36277531207104e-06
1086 9.33608443298073e-06
1087 9.30946946457634e-06
1088 9.28293019222669e-06
1089 9.25646640191289e-06
1090 9.23007788020950e-06
1091 9.20376441430116e-06
1092 9.17752579197623e-06
1093 9.15136180160951e-06
1094 9.12527223218953e-06
1095 9.09925687328511e-06
1096 9.07331551507084e-06
1097 9.04744794830628e-06
1098 9.02165396434513e-06
1099 8.99593335512437e-06
1100 8.97028591317827e-06
1101 8.94471143161408e-06
1102 8.91920970412888e-06
1103 8.89378052500312e-06
1104 8.86842368909428e-06
1105 8.84313899184015e-06
1106 8.81792622925076e-06
1107 8.79278519791375e-06
1108 8.76771569499610e-06
1109 8.74271751823183e-06
1110 8.71779046591532e-06
1111 8.69293433692906e-06
1112 8.66814893070139e-06
1113 8.64343404724960e-06
1114 8.61878948712401e-06
1115 8.59421505146458e-06
1116 8.56971054196002e-06
1117 8.54527576085345e-06
1118 8.52091051095069e-06
1119 8.49661459561459e-06
1120 8.47238781875533e-06
1121 8.44822998483814e-06
1122 8.42414089888063e-06
1123 8.40012036644930e-06
1124 8.37616819365292e-06
1125 8.35228418715085e-06
1126 8.32846815414748e-06
1127 8.30471990238549e-06
1128 8.28103924015452e-06
1129 8.25742597627299e-06
1130 8.23387992010798e-06
1131 8.21040088156035e-06
1132 8.18698867106317e-06
1133 8.16364309958556e-06
1134 8.14036397862784e-06
1135 8.11715112021244e-06
1136 8.09400433691359e-06
1137 8.07092344179714e-06
1138 8.04790824849017e-06
1139 8.02495857112278e-06
1140 8.00207422435137e-06
1141 7.97925502335707e-06
1142 7.95650078383576e-06
1143 7.93381132201162e-06
1144 7.91118645461353e-06
1145 7.88862599889394e-06
1146 7.86612977261339e-06
1147 7.84369759404494e-06
1148 7.82132928197885e-06
1149 7.79902465570875e-06
1150 7.77678353503607e-06
1151 7.75460574027421e-06
1152 7.73249109223684e-06
1153 7.71043941224059e-06
1154 7.68845052210425e-06
1155 7.66652424415393e-06
1156 7.64466040120697e-06
1157 7.62285881658198e-06
1158 7.60111931409019e-06
1159 7.57944171804910e-06
1160 7.55782585325308e-06
1161 7.53627154500429e-06
1162 7.51477861908344e-06
1163 7.49334690177036e-06
1164 7.47197621982935e-06
1165 7.45066640050728e-06
1166 7.42941727153661e-06
1167 7.40822866114205e-06
1168 7.38710039802313e-06
1169 7.36603231136621e-06
1170 7.34502423083015e-06
1171 7.32407598655318e-06
1172 7.30318740915865e-06
1173 7.28235832973522e-06
1174 7.26158857985837e-06
1175 7.24087799156311e-06
1176 7.22022639736512e-06
1177 7.19963363024180e-06
1178 7.17909952365169e-06
1179 7.15862391150907e-06
1180 7.13820662820255e-06
1181 7.11784750858044e-06
1182 7.09754638795925e-06
1183 7.07730310212161e-06
1184 7.05711748729388e-06
1185 7.03698938018279e-06
1186 7.01691861794123e-06
1187 6.99690503818111e-06
1188 6.97694847897257e-06
1189 6.95704877883923e-06
1190 6.93720577676032e-06
1191 6.91741931216685e-06
1192 6.89768922492993e-06
1193 6.87801535538559e-06
1194 6.85839754431066e-06
1195 6.83883563293125e-06
1196 6.81932946291616e-06
1197 6.79987887637542e-06
1198 6.78048371587482e-06
1199 6.76114382441057e-06
1200 6.74185904542296e-06
1201 6.72262922278812e-06
1202 6.70345420083280e-06
1203 6.68433382430455e-06
1204 6.66526793839916e-06
1205 6.64625638873997e-06
1206 6.62729902138597e-06
1207 6.60839568282822e-06
1208 6.58954621998669e-06
1209 6.57075048021823e-06
1210 6.55200831129449e-06
1211 6.53331956142897e-06
1212 6.51468407925351e-06
1213 6.49610171382398e-06
1214 6.47757231461884e-06
1215 6.45909573155474e-06
1216 6.44067181494316e-06
1217 6.42230041554161e-06
1218 6.40398138450438e-06
1219 6.38571457341702e-06
1220 6.36749983427821e-06
1221 6.34933701950437e-06
1222 6.33122598192648e-06
1223 6.31316657477657e-06
1224 6.29515865171523e-06
1225 6.27720206680663e-06
1226 6.25929667452561e-06
1227 6.24144232974977e-06
1228 6.22363888777271e-06
1229 6.20588620428640e-06
1230 6.18818413539472e-06
1231 6.17053253760506e-06
1232 6.15293126781969e-06
1233 6.13538018335066e-06
1234 6.11787914191014e-06
1235 6.10042800160307e-06
1236 6.08302662093949e-06
1237 6.06567485882350e-06
1238 6.04837257455589e-06
1239 6.03111962783493e-06
1240 6.01391587874927e-06
1241 5.99676118777911e-06
1242 5.97965541579928e-06
1243 5.96259842407565e-06
1244 5.94559007426290e-06
1245 5.92863022840283e-06
1246 5.91171874892643e-06
1247 5.89485549865108e-06
1248 5.87804034077174e-06
1249 5.86127313888308e-06
1250 5.84455375694781e-06
1251 5.82788205931789e-06
1252 5.81125791072381e-06
1253 5.79468117627625e-06
1254 5.77815172146713e-06
1255 5.76166941216158e-06
1256 5.74523411460567e-06
1257 5.72884569542253e-06
1258 5.71250402159806e-06
1259 5.69620896050411e-06
1260 5.67996037988337e-06
1261 5.66375814784606e-06
1262 5.64760213287538e-06
1263 5.63149220381847e-06
1264 5.61542822989797e-06
1265 5.59941008070376e-06
1266 5.58343762618427e-06
1267 5.56751073666271e-06
1268 5.55162928281698e-06
1269 5.53579313569521e-06
1270 5.52000216671107e-06
1271 5.50425624762413e-06
1272 5.48855525057026e-06
1273 5.47289904803968e-06
1274 5.45728751287372e-06
1275 5.44172051828130e-06
1276 5.42619793782392e-06
1277 5.41071964541213e-06
1278 5.39528551532135e-06
1279 5.37989542216982e-06
1280 5.36454924093632e-06
1281 5.34924684694337e-06
1282 5.33398811587230e-06
1283 5.31877292374883e-06
1284 5.30360114694599e-06
1285 5.28847266218831e-06
1286 5.27338734654038e-06
1287 5.25834507742230e-06
1288 5.24334573258226e-06
1289 5.22838919013519e-06
1290 5.21347532851290e-06
1291 5.19860402650868e-06
1292 5.18377516324901e-06
1293 5.16898861819780e-06
1294 5.15424427116465e-06
1295 5.13954200228684e-06
1296 5.12488169204908e-06
1297 5.11026322126538e-06
1298 5.09568647108555e-06
1299 5.08115132299715e-06
1300 5.06665765881919e-06
1301 5.05220536070056e-06
1302 5.03779431112326e-06
1303 5.02342439289648e-06
1304 5.00909548917029e-06
1305 4.99480748340649e-06
1306 4.98056025940413e-06
1307 4.96635370129293e-06
1308 4.95218769352097e-06
1309 4.93806212086751e-06
1310 4.92397686842087e-06
1311 4.90993182161502e-06
1312 4.89592686618679e-06
1313 4.88196188820731e-06
1314 4.86803677406470e-06
1315 4.85415141046587e-06
1316 4.84030568442880e-06
1317 4.82649948329862e-06
1318 4.81273269473777e-06
1319 4.79900520672056e-06
1320 4.78531690753831e-06
1321 4.77166768579276e-06
1322 4.75805743040487e-06
1323 4.74448603060918e-06
1324 4.73095337594111e-06
1325 4.71745935625857e-06
1326 4.70400386172460e-06
1327 4.69058678281013e-06
1328 4.67720801029819e-06
1329 4.66386743527281e-06
1330 4.65056494913115e-06
1331 4.63730044357034e-06
1332 4.62407381060225e-06
1333 4.61088494252915e-06
1334 4.59773373195855e-06
1335 4.58462007181869e-06
1336 4.57154385531992e-06
1337 4.55850497596723e-06
1338 4.54550332759140e-06
1339 4.53253880430079e-06
1340 4.51961130050343e-06
1341 4.50672071092126e-06
1342 4.49386693055347e-06
1343 4.48104985470287e-06
1344 4.46826937897082e-06
1345 4.45552539923984e-06
1346 4.44281781170502e-06
1347 4.43014651283474e-06
1348 4.41751139939717e-06
1349 4.40491236846125e-06
1350 4.39234931736454e-06
1351 4.37982214374796e-06
1352 4.36733074554103e-06
1353 4.35487502095631e-06
1354 4.34245486848975e-06
1355 4.33007018693548e-06
1356 4.31772087535989e-06
1357 4.30540683312210e-06
1358 4.29312795985491e-06
1359 4.28088415548841e-06
1360 4.26867532022249e-06
1361 4.25650135454256e-06
1362 4.24436215921923e-06
1363 4.23225763529535e-06
1364 4.22018768409083e-06
1365 4.20815220721309e-06
1366 4.19615110653714e-06
1367 4.18418428422314e-06
1368 4.17225164270367e-06
1369 4.16035308468251e-06
1370 4.14848851314759e-06
1371 4.13665783134141e-06
1372 4.12486094280218e-06
1373 4.11309775132582e-06
1374 4.10136816098244e-06
1375 4.08967207611633e-06
1376 4.07800940133434e-06
1377 4.06638004151924e-06
1378 4.05478390181325e-06
1379 4.04322088763768e-06
1380 4.03169090467302e-06
1381 4.02019385886748e-06
1382 4.00872965643801e-06
1383 3.99729820385562e-06
1384 3.98589940786530e-06
1385 3.97453317547247e-06
1386 3.96319941394504e-06
1387 3.95189803080919e-06
1388 3.94062893385517e-06
1389 3.92939203113484e-06
1390 3.91818723095013e-06
1391 3.90701444188118e-06
1392 3.89587357274175e-06
1393 3.88476453262305e-06
1394 3.87368723085494e-06
1395 3.86264157704476e-06
1396 3.85162748103326e-06
1397 3.84064485293177e-06
1398 3.82969360309692e-06
1399 3.81877364213509e-06
1400 3.80788488092038e-06
1401 3.79702723055939e-06
1402 3.78620060242274e-06
1403 3.77540490812207e-06
1404 3.76464005952966e-06
1405 3.75390596875859e-06
1406 3.74320254816964e-06
1407 3.73252971037734e-06
1408 3.72188736823412e-06
1409 3.71127543484320e-06
1410 3.70069382355729e-06
1411 3.69014244796639e-06
1412 3.67962122190876e-06
1413 3.66913005946857e-06
1414 3.65866887496019e-06
1415 3.64823758295531e-06
1416 3.63783609825893e-06
1417 3.62746433591904e-06
1418 3.61712221121960e-06
1419 3.60680963969733e-06
1420 3.59652653710341e-06
1421 3.58627281944786e-06
1422 3.57604840296735e-06
1423 3.56585320414868e-06
1424 3.55568713969414e-06
1425 3.54555012655644e-06
1426 3.53544208191547e-06
1427 3.52536292319221e-06
1428 3.51531256803428e-06
1429 3.50529093432897e-06
1430 3.49529794018663e-06
1431 3.48533350395681e-06
1432 3.47539754421682e-06
1433 3.46548997977233e-06
1434 3.45561072965915e-06
1435 3.44575971314744e-06
1436 3.43593684972745e-06
1437 3.42614205912961e-06
1438 3.41637526129276e-06
1439 3.40663637639656e-06
1440 3.39692532483756e-06
1441 3.38724202724614e-06
1442 3.37758640447276e-06
1443 3.36795837758552e-06
1444 3.35835786789155e-06
1445 3.34878479690616e-06
1446 3.33923908636641e-06
1447 3.32972065824300e-06
1448 3.32022943471481e-06
1449 3.31076533818656e-06
1450 3.30132829128760e-06
1451 3.29191821685349e-06
1452 3.28253503794804e-06
1453 3.27317867784754e-06
1454 3.26384906005129e-06
1455 3.25454610826860e-06
1456 3.24526974642797e-06
1457 3.23601989866909e-06
1458 3.22679648935749e-06
1459 3.21759944305952e-06
1460 3.20842868455979e-06
1461 3.19928413885702e-06
1462 3.19016573116203e-06
1463 3.18107338689987e-06
1464 3.17200703170316e-06
1465 3.16296659140809e-06
1466 3.15395199207706e-06
1467 3.14496315997157e-06
1468 3.13600002155726e-06
1469 3.12706250351763e-06
1470 3.11815053274373e-06
1471 3.10926403632804e-06
1472 3.10040294157215e-06
1473 3.09156717597326e-06
1474 3.08275666725956e-06
1475 3.07397134333544e-06
1476 3.06521113232749e-06
1477 3.05647596256282e-06
1478 3.04776576256072e-06
1479 3.03908046105173e-06
1480 3.03041998697458e-06
1481 3.02178426945757e-06
1482 3.01317323784077e-06
1483 3.00458682165016e-06
1484 2.99602495062029e-06
1485 2.98748755468761e-06
1486 2.97897456398530e-06
1487 2.97048590883428e-06
1488 2.96202151977101e-06
1489 2.95358132750930e-06
1490 2.94516526297958e-06
1491 2.93677325728788e-06
1492 2.92840524175160e-06
1493 2.92006114787300e-06
1494 2.91174090734871e-06
1495 2.90344445208076e-06
1496 2.89517171414762e-06
1497 2.88692262583170e-06
1498 2.87869711960350e-06
1499 2.87049512812083e-06
1500 2.86231658424376e-06
1501 2.85416142101348e-06
1502 2.84602957165991e-06
1503 2.83792096960653e-06
1504 2.82983554846987e-06
1505 2.82177324204112e-06
1506 2.81373398431555e-06
1507 2.80571770946706e-06
1508 2.79772435184982e-06
1509 2.78975384601804e-06
1510 2.78180612670307e-06
1511 2.77388112882445e-06
1512 2.76597878747958e-06
1513 2.75809903795754e-06
1514 2.75024181573414e-06
1515 2.74240705645469e-06
1516 2.73459469596375e-06
1517 2.72680467027199e-06
1518 2.71903691558357e-06
1519 2.71129136827523e-06
1520 2.70356796490819e-06
1521 2.69586664223412e-06
1522 2.68818733715428e-06
1523 2.68052998678753e-06
1524 2.67289452840014e-06
1525 2.66528089945363e-06
1526 2.65768903757827e-06
1527 2.65011888058402e-06
1528 2.64257036646625e-06
1529 2.63504343337694e-06
1530 2.62753801966228e-06
1531 2.62005406383339e-06
1532 2.61259150458180e-06
1533 2.60515028076415e-06
1534 2.59773033142240e-06
1535 2.59033159576093e-06
1536 2.58295401316330e-06
1537 2.57559752318135e-06
1538 2.56826206554723e-06
1539 2.56094758014728e-06
1540 2.55365400705913e-06
1541 2.54638128650964e-06
1542 2.53912935891391e-06
1543 2.53189816484875e-06
1544 2.52468764505371e-06
1545 2.51749774044252e-06
1546 2.51032839210594e-06
1547 2.50317954127932e-06
1548 2.49605112938685e-06
1549 2.48894309800957e-06
1550 2.48185538889435e-06
1551 2.47478794395540e-06
1552 2.46774070527083e-06
1553 2.46071361508184e-06
1554 2.45370661579712e-06
1555 2.44671964998905e-06
1556 2.43975266038546e-06
1557 2.43280558989305e-06
1558 2.42587838156257e-06
1559 2.41897097862172e-06
1560 2.41208332444305e-06
1561 2.40521536258028e-06
1562 2.39836703673071e-06
1563 2.39153829076083e-06
1564 2.38472906869200e-06
1565 2.37793931470792e-06
1566 2.37116897314365e-06
1567 2.36441798851039e-06
1568 2.35768630545509e-06
1569 2.35097386879219e-06
1570 2.34428062349770e-06
1571 2.33760651470281e-06
1572 2.33095148768156e-06
1573 2.32431548787756e-06
1574 2.31769846088418e-06
1575 2.31110035245364e-06
1576 2.30452110848564e-06
1577 2.29796067504075e-06
1578 2.29141899832955e-06
1579 2.28489602471602e-06
1580 2.27839170071001e-06
1581 2.27190597298654e-06
1582 2.26543878836365e-06
1583 2.25899009381115e-06
1584 2.25255983645680e-06
1585 2.24614796356625e-06
1586 2.23975442256800e-06
1587 2.23337916102850e-06
1588 2.22702212667212e-06
1589 2.22068326736954e-06
1590 2.21436253113788e-06
1591 2.20805986614631e-06
1592 2.20177522070535e-06
1593 2.19550854327367e-06
1594 2.18925978246851e-06
1595 2.18302888703259e-06
1596 2.17681580586952e-06
1597 2.17062048802544e-06
1598 2.16444288269231e-06
1599 2.15828293920264e-06
1600 2.15214060703708e-06
1601 2.14601583581254e-06
1602 2.13990857530209e-06
1603 2.13381877541148e-06
1604 2.12774638619476e-06
1605 2.12169135784335e-06
1606 2.11565364069138e-06
1607 2.10963318522072e-06
1608 2.10362994204752e-06
1609 2.09764386193219e-06
1610 2.09167489577053e-06
1611 2.08572299460247e-06
1612 2.07978810960576e-06
1613 2.07387019209636e-06
1614 2.06796919353403e-06
1615 2.06208506551226e-06
1616 2.05621775976174e-06
1617 2.05036722814882e-06
1618 2.04453342268336e-06
1619 2.03871629550796e-06
1620 2.03291579890248e-06
1621 2.02713188528568e-06
1622 2.02136450720429e-06
1623 2.01561361734143e-06
1624 2.00987916852483e-06
1625 2.00416111370566e-06
1626 1.99845940597729e-06
1627 1.99277399855495e-06
1628 1.98710484480496e-06
1629 1.98145189820855e-06
1630 1.97581511239232e-06
1631 1.97019444110833e-06
1632 1.96458983823911e-06
1633 1.95900125780828e-06
1634 1.95342865395800e-06
1635 1.94787198097341e-06
1636 1.94233119325671e-06
1637 1.93680624535332e-06
1638 1.93129709192542e-06
1639 1.92580368777392e-06
1640 1.92032598782601e-06
1641 1.91486394714001e-06
1642 1.90941752089067e-06
1643 1.90398666439014e-06
1644 1.89857133308675e-06
1645 1.89317148254005e-06
1646 1.88778706843945e-06
1647 1.88241804660334e-06
1648 1.87706437298291e-06
1649 1.87172600363868e-06
1650 1.86640289477753e-06
1651 1.86109500270491e-06
1652 1.85580228387697e-06
1653 1.85052469485782e-06
1654 1.84526219234369e-06
1655 1.84001473314896e-06
1656 1.83478227420954e-06
1657 1.82956477259113e-06
1658 1.82436218547813e-06
1659 1.81917447017832e-06
1660 1.81400158411571e-06
1661 1.80884348484693e-06
1662 1.80370013003837e-06
1663 1.79857147748127e-06
1664 1.79345748509218e-06
1665 1.78835811090057e-06
1666 1.78327331305236e-06
1667 1.77820304983007e-06
1668 1.77314727962062e-06
1669 1.76810596093032e-06
1670 1.76307905238367e-06
1671 1.75806651273317e-06
1672 1.75306830083956e-06
1673 1.74808437568011e-06
1674 1.74311469635592e-06
1675 1.73815922208106e-06
1676 1.73321791219024e-06
1677 1.72829072612004e-06
1678 1.72337762344025e-06
1679 1.71847856382629e-06
1680 1.71359350707272e-06
1681 1.70872241308724e-06
1682 1.70386524189024e-06
1683 1.69902195362144e-06
1684 1.69419250852481e-06
1685 1.68937686696623e-06
1686 1.68457498942850e-06
1687 1.67978683649364e-06
1688 1.67501236886752e-06
1689 1.67025154736173e-06
1690 1.66550433290392e-06
1691 1.66077068653399e-06
1692 1.65605056939323e-06
1693 1.65134394274671e-06
1694 1.64665076796152e-06
1695 1.64197100652463e-06
1696 1.63730462002128e-06
1697 1.63265157015437e-06
1698 1.62801181872877e-06
1699 1.62338532767128e-06
1700 1.61877205899966e-06
1701 1.61417197485680e-06
1702 1.60958503748521e-06
1703 1.60501120923433e-06
1704 1.60045045256341e-06
1705 1.59590273004504e-06
1706 1.59136800434540e-06
1707 1.58684623824982e-06
1708 1.58233739463888e-06
1709 1.57784143650785e-06
1710 1.57335832695995e-06
1711 1.56888802918858e-06
1712 1.56443050650785e-06
1713 1.55998572233166e-06
1714 1.55555364017619e-06
1715 1.55113422366560e-06
1716 1.54672743652444e-06
1717 1.54233324258162e-06
1718 1.53795160577461e-06
1719 1.53358249013032e-06
1720 1.52922585979402e-06
1721 1.52488167900649e-06
1722 1.52054991211353e-06
1723 1.51623052355806e-06
1724 1.51192347788305e-06
1725 1.50762873974258e-06
1726 1.50334627387990e-06
1727 1.49907604514998e-06
1728 1.49481801850173e-06
1729 1.49057215898999e-06
1730 1.48633843175791e-06
1731 1.48211680205747e-06
1732 1.47790723523897e-06
1733 1.47370969675216e-06
1734 1.46952415214253e-06
1735 1.46535056705471e-06
1736 1.46118890723711e-06
1737 1.45703913852366e-06
1738 1.45290122686360e-06
1739 1.44877513828675e-06
1740 1.44466083892720e-06
1741 1.44055829501552e-06
1742 1.43646747288292e-06
1743 1.43238833894711e-06
1744 1.42832085973282e-06
1745 1.42426500184958e-06
1746 1.42022073201608e-06
1747 1.41618801703186e-06
1748 1.41216682379843e-06
1749 1.40815711931273e-06
1750 1.40415887065975e-06
1751 1.40017204502677e-06
1752 1.39619660969470e-06
1753 1.39223253203054e-06
1754 1.38827977949859e-06
1755 1.38433831965904e-06
1756 1.38040812016005e-06
1757 1.37648914874166e-06
1758 1.37258137324445e-06
1759 1.36868476159277e-06
1760 1.36479928180701e-06
1761 1.36092490199367e-06
1762 1.35706159035788e-06
1763 1.35320931519199e-06
1764 1.34936804487453e-06
1765 1.34553774788302e-06
1766 1.34171839278367e-06
1767 1.33790994822155e-06
1768 1.33411238294848e-06
1769 1.33032566579498e-06
1770 1.32654976567829e-06
1771 1.32278465160981e-06
1772 1.31903029269462e-06
1773 1.31528665811674e-06
1774 1.31155371715458e-06
1775 1.30783143916946e-06
1776 1.30411979361090e-06
1777 1.30041875002193e-06
1778 1.29672827802779e-06
1779 1.29304834733735e-06
1780 1.28937892775709e-06
1781 1.28571998916642e-06
1782 1.28207150154316e-06
1783 1.27843343494002e-06
1784 1.27480575950171e-06
1785 1.27118844546258e-06
1786 1.26758146313209e-06
1787 1.26398478291258e-06
1788 1.26039837528297e-06
1789 1.25682221081453e-06
1790 1.25325626016712e-06
1791 1.24970049406385e-06
1792 1.24615488333529e-06
1793 1.24261939888344e-06
1794 1.23909401168963e-06
1795 1.23557869283399e-06
1796 1.23207341346274e-06
1797 1.22857814481382e-06
1798 1.22509285820504e-06
1799 1.22161752503590e-06
1800 1.21815211678819e-06
1801 1.21469660502673e-06
1802 1.21125096139595e-06
1803 1.20781515761876e-06
1804 1.20438916550697e-06
1805 1.20097295694921e-06
1806 1.19756650390628e-06
1807 1.19416977843441e-06
1808 1.19078275266129e-06
1809 1.18740539879129e-06
1810 1.18403768911254e-06
1811 1.18067959599572e-06
1812 1.17733109188358e-06
1813 1.17399214930602e-06
1814 1.17066274086023e-06
1815 1.16734283923607e-06
1816 1.16403241718853e-06
1817 1.16073144755881e-06
1818 1.15743990326337e-06
1819 1.15415775729446e-06
1820 1.15088498272509e-06
1821 1.14762155270237e-06
1822 1.14436744044838e-06
1823 1.14112261927154e-06
1824 1.13788706254543e-06
1825 1.13466074372597e-06
1826 1.13144363634556e-06
1827 1.12823571400932e-06
1828 1.12503695039673e-06
1829 1.12184731926692e-06
1830 1.11866679445489e-06
1831 1.11549534986717e-06
1832 1.11233295948247e-06
1833 1.10917959736047e-06
1834 1.10603523763390e-06
1835 1.10289985449980e-06
1836 1.09977342224484e-06
1837 1.09665591522372e-06
1838 1.09354730785798e-06
1839 1.09044757464486e-06
1840 1.08735669016501e-06
1841 1.08427462905110e-06
1842 1.08120136603182e-06
1843 1.07813687589477e-06
1844 1.07508113350285e-06
1845 1.07203411378677e-06
1846 1.06899579175528e-06
1847 1.06596614248853e-06
1848 1.06294514113642e-06
1849 1.05993276291247e-06
1850 1.05692898311606e-06
1851 1.05393377710574e-06
1852 1.05094712031695e-06
1853 1.04796898824783e-06
1854 1.04499935647795e-06
1855 1.04203820064737e-06
1856 1.03908549647369e-06
1857 1.03614121973200e-06
1858 1.03320534627880e-06
1859 1.03027785204026e-06
1860 1.02735871299709e-06
1861 1.02444790521878e-06
1862 1.02154540482468e-06
1863 1.01865118801508e-06
1864 1.01576523105492e-06
1865 1.01288751027551e-06
1866 1.01001800207814e-06
1867 1.00715668292939e-06
1868 1.00430352936405e-06
1869 1.00145851798772e-06
1870 9.98621625468098e-07
1871 9.95792828544843e-07
1872 9.92972104014531e-07
1873 9.90159428750375e-07
1874 9.87354779691310e-07
1875 9.84558133836829e-07
1876 9.81769468253184e-07
1877 9.78988760078455e-07
1878 9.76215986506888e-07
1879 9.73451124806072e-07
1880 9.70694152306983e-07
1881 9.67945046401022e-07
1882 9.65203784550809e-07
1883 9.62470344279657e-07
1884 9.59744703175307e-07
1885 9.57026838890387e-07
1886 9.54316729147748e-07
1887 9.51614351714734e-07
1888 9.48919684450529e-07
1889 9.46232705253484e-07
1890 9.43553392099147e-07
1891 9.40881723025357e-07
1892 9.38217676119991e-07
1893 9.35561229548661e-07
1894 9.32912361537128e-07
1895 9.30271050366187e-07
1896 9.27637274386590e-07
1897 9.25011012003564e-07
1898 9.22392241692901e-07
1899 9.19780941984921e-07
1900 9.17177091477130e-07
1901 9.14580668821149e-07
1902 9.11991652743905e-07
1903 9.09410022014104e-07
1904 9.06835755476297e-07
1905 9.04268832023157e-07
1906 9.01709230626521e-07
1907 8.99156930299822e-07
1908 8.96611910121921e-07
1909 8.94074149237923e-07
1910 8.91543626845587e-07
1911 8.89020322208748e-07
1912 8.86504214646889e-07
1913 8.83995283536894e-07
1914 8.81493508317313e-07
1915 8.78998868486307e-07
1916 8.76511343598219e-07
1917 8.74030913270447e-07
1918 8.71557557174249e-07
1919 8.69091255039533e-07
1920 8.66631986659413e-07
1921 8.64179731877720e-07
1922 8.61734470604175e-07
1923 8.59296182793873e-07
1924 8.56864848476432e-07
1925 8.54440447722499e-07
1926 8.52022960671501e-07
1927 8.49612367511985e-07
1928 8.47208648492255e-07
1929 8.44811783923878e-07
1930 8.42421754157628e-07
1931 8.40038539619436e-07
1932 8.37662120783525e-07
1933 8.35292478175002e-07
1934 8.32929592383425e-07
1935 8.30573444052011e-07
1936 8.28224013876284e-07
1937 8.25881282607675e-07
1938 8.23545231055144e-07
1939 8.21215840080217e-07
1940 8.18893090602802e-07
1941 8.16576963593560e-07
1942 8.14267440079382e-07
1943 8.11964501145862e-07
1944 8.09668127921548e-07
1945 8.07378301603962e-07
1946 8.05095003430766e-07
1947 8.02818214703849e-07
1948 8.00547916772281e-07
1949 7.98284091041885e-07
1950 7.96026718970494e-07
1951 7.93775782070529e-07
1952 7.91531261903249e-07
1953 7.89293140086829e-07
1954 7.87061398292140e-07
1955 7.84836018246392e-07
1956 7.82616981712594e-07
1957 7.80404270529850e-07
1958 7.78197866573961e-07
1959 7.75997751776009e-07
1960 7.73803908114710e-07
1961 7.71616317630743e-07
1962 7.69434962408875e-07
1963 7.67259824589622e-07
1964 7.65090886354841e-07
1965 7.62928129955579e-07
1966 7.60771537673655e-07
1967 7.58621091853089e-07
1968 7.56476774889740e-07
1969 7.54338569223082e-07
1970 7.52206457350244e-07
1971 7.50080421808306e-07
1972 7.47960445202903e-07
1973 7.45846510165870e-07
1974 7.43738599397292e-07
1975 7.41636695639983e-07
1976 7.39540781683301e-07
1977 7.37450840372501e-07
1978 7.35366854597357e-07
1979 7.33288807302736e-07
1980 7.31216681474272e-07
1981 7.29150460146685e-07
1982 7.27090126415497e-07
1983 7.25035663407829e-07
1984 7.22987054313035e-07
1985 7.20944282361295e-07
1986 7.18907330827525e-07
1987 7.16876183052399e-07
1988 7.14850822403456e-07
1989 7.12831232303432e-07
1990 7.10817396226823e-07
1991 7.08809297692488e-07
1992 7.06806920263100e-07
1993 7.04810247557892e-07
1994 7.02819263232480e-07
1995 7.00833950991862e-07
1996 6.98854294593748e-07
1997 6.96880277840079e-07
1998 6.94911884574474e-07
1999 6.92949098690312e-07
2000 6.90991904129424e-07
2001 6.89040284877463e-07
2002 6.87094224961487e-07
2003 6.85153708465266e-07
2004 6.83218719510781e-07
2005 6.81289242263354e-07
2006 6.79365260937682e-07
2007 6.77446759791758e-07
2008 6.75533723140106e-07
2009 6.73626135317027e-07
2010 6.71723980730803e-07
2011 6.69827243811808e-07
2012 6.67935909050542e-07
2013 6.66049960969482e-07
2014 6.64169384149562e-07
2015 6.62294163197722e-07
2016 6.60424282784542e-07
2017 6.58559727608009e-07
2018 6.56700482424005e-07
2019 6.54846532020034e-07
2020 6.52997861237737e-07
2021 6.51154454955444e-07
2022 6.49316298094302e-07
2023 6.47483375625663e-07
2024 6.45655672557649e-07
2025 6.43833173942563e-07
2026 6.42015864878442e-07
2027 6.40203730500913e-07
2028 6.38396755993316e-07
2029 6.36594926580186e-07
2030 6.34798227529929e-07
2031 6.33006644147330e-07
2032 6.31220161780838e-07
2033 6.29438765829501e-07
2034 6.27662441726935e-07
2035 6.25891174945357e-07
2036 6.24124951009662e-07
2037 6.22363755479294e-07
2038 6.20607573947587e-07
2039 6.18856392066266e-07
2040 6.17110195515316e-07
2041 6.15368970017210e-07
2042 6.13632701343339e-07
2043 6.11901375296032e-07
2044 6.10174977725318e-07
2045 6.08453494518938e-07
2046 6.06736911605371e-07
2047 6.05025214952954e-07
2048 6.03318390572694e-07
2049 6.01616424515814e-07
2050 5.99919302866361e-07
2051 5.98227011761010e-07
2052 5.96539537360120e-07
2053 5.94856865881778e-07
2054 5.93178983568639e-07
2055 5.91505876712288e-07
2056 5.89837531639391e-07
2057 5.88173934713510e-07
2058 5.86515072346505e-07
2059 5.84860930978847e-07
2060 5.83211497091617e-07
2061 5.81566757215032e-07
2062 5.79926697905344e-07
2063 5.78291305766550e-07
2064 5.76660567429927e-07
2065 5.75034469579855e-07
2066 5.73412998928004e-07
2067 5.71796142224106e-07
2068 5.70183886266422e-07
2069 5.68576217877855e-07
2070 5.66973123925750e-07
2071 5.65374591318606e-07
2072 5.63780606996393e-07
2073 5.62191157940889e-07
2074 5.60606231163861e-07
2075 5.59025813724550e-07
2076 5.57449892711986e-07
2077 5.55878455256402e-07
2078 5.54311488522859e-07
2079 5.52748979713669e-07
2080 5.51190916067064e-07
2081 5.49637284860175e-07
2082 5.48088073397835e-07
2083 5.46543269041035e-07
2084 5.45002859169114e-07
2085 5.43466831200375e-07
2086 5.41935172595512e-07
2087 5.40407870849604e-07
2088 5.38884913487997e-07
2089 5.37366288075139e-07
2090 5.35851982215058e-07
2091 5.34341983544588e-07
2092 5.32836279732849e-07
2093 5.31334858490293e-07
2094 5.29837707554223e-07
2095 5.28344814707108e-07
2096 5.26856167760973e-07
2097 5.25371754559367e-07
2098 5.23891562991392e-07
2099 5.22415580969468e-07
2100 5.20943796450070e-07
2101 5.19476197417504e-07
2102 5.18012771892225e-07
2103 5.16553507931436e-07
2104 5.15098393623281e-07
2105 5.13647417096424e-07
2106 5.12200566502495e-07
2107 5.10757830039490e-07
2108 5.09319195932946e-07
2109 5.07884652438731e-07
2110 5.06454187851770e-07
2111 5.05027790503003e-07
2112 5.03605448747706e-07
2113 5.02187150983796e-07
2114 5.00772885641757e-07
2115 4.99362641172877e-07
2116 4.97956406080394e-07
2117 4.96554168887605e-07
2118 4.95155918155665e-07
2119 4.93761642471649e-07
2120 4.92371330467920e-07
2121 4.90984970800911e-07
2122 4.89602552160032e-07
2123 4.88224063269558e-07
2124 4.86849492879514e-07
2125 4.85478829787100e-07
2126 4.84112062805227e-07
2127 4.82749180791361e-07
2128 4.81390172625967e-07
2129 4.80035027222802e-07
2130 4.78683733534862e-07
2131 4.77336280540564e-07
2132 4.75992657251408e-07
2133 4.74652852705892e-07
2134 4.73316855982363e-07
2135 4.71984656184639e-07
2136 4.70656242453090e-07
2137 4.69331603953634e-07
2138 4.68010729880275e-07
2139 4.66693609469144e-07
2140 4.65380231982378e-07
2141 4.64070586708537e-07
2142 4.62764662973612e-07
2143 4.61462450123638e-07
2144 4.60163937550195e-07
2145 4.58869114665290e-07
2146 4.57577970913476e-07
2147 4.56290495770155e-07
2148 4.55006678741219e-07
2149 4.53726509363938e-07
2150 4.52449977196220e-07
2151 4.51177071843205e-07
2152 4.49907782922300e-07
2153 4.48642100090906e-07
2154 4.47380013037038e-07
2155 4.46121511473659e-07
2156 4.44866585143478e-07
2157 4.43615223817368e-07
2158 4.42367417302979e-07
2159 4.41123155430659e-07
2160 4.39882428061912e-07
2161 4.38645225087556e-07
2162 4.37411536427751e-07
2163 4.36181352026455e-07
2164 4.34954661863946e-07
2165 4.33731455948915e-07
2166 4.32511724311351e-07
2167 4.31295457014338e-07
2168 4.30082644153580e-07
2169 4.28873275845730e-07
2170 4.27667342241889e-07
2171 4.26464833521568e-07
2172 4.25265739880369e-07
2173 4.24070051561128e-07
2174 4.22877758822471e-07
2175 4.21688851950585e-07
2176 4.20503321267527e-07
2177 4.19321157109783e-07
2178 4.18142349862454e-07
2179 4.16966889918146e-07
2180 4.15794767704419e-07
2181 4.14625973673769e-07
2182 4.13460498317829e-07
2183 4.12298332143019e-07
2184 4.11139465684496e-07
2185 4.09983889503126e-07
2186 4.08831594199530e-07
2187 4.07682570385912e-07
2188 4.06536808708480e-07
2189 4.05394299842757e-07
2190 4.04255034488002e-07
2191 4.03119003365989e-07
2192 4.01986197231036e-07
2193 4.00856606860539e-07
2194 3.99730223063899e-07
2195 3.98607036669618e-07
2196 3.97487038541342e-07
2197 3.96370219556925e-07
2198 3.95256570628873e-07
2199 3.94146082696868e-07
2200 3.93038746718100e-07
2201 3.91934553685124e-07
2202 3.90833494613685e-07
2203 3.89735560542449e-07
2204 3.88640742534746e-07
2205 3.87549031688262e-07
2206 3.86460419114622e-07
2207 3.85374895960174e-07
2208 3.84292453391852e-07
2209 3.83213082604434e-07
2210 3.82136774815975e-07
2211 3.81063521270903e-07
2212 3.79993313236182e-07
2213 3.78926142010146e-07
2214 3.77861998908513e-07
2215 3.76800875279202e-07
2216 3.75742762487288e-07
2217 3.74687651926307e-07
2218 3.73635535020687e-07
2219 3.72586403207072e-07
2220 3.71540247958774e-07
2221 3.70497060765247e-07
2222 3.69456833140749e-07
2223 3.68419556628846e-07
2224 3.67385222796985e-07
2225 3.66353823227881e-07
2226 3.65325349546493e-07
2227 3.64299793378157e-07
2228 3.63277146392294e-07
2229 3.62257400272756e-07
2230 3.61240546728486e-07
2231 3.60226577496336e-07
2232 3.59215484328982e-07
2233 3.58207259004838e-07
2234 3.57201893334629e-07
2235 3.56199379142815e-07
2236 3.55199708284965e-07
2237 3.54202872631374e-07
2238 3.53208864079920e-07
2239 3.52217674553321e-07
2240 3.51229295996503e-07
2241 3.50243720372609e-07
2242 3.49260939679357e-07
2243 3.48280945926513e-07
2244 3.47303731149896e-07
2245 3.46329287413761e-07
2246 3.45357606796667e-07
2247 3.44388681404891e-07
2248 3.43422503363937e-07
2249 3.42459064826217e-07
2250 3.41498357961319e-07
2251 3.40540374968054e-07
2252 3.39585108062873e-07
2253 3.38632549485744e-07
2254 3.37682691499159e-07
2255 3.36735526387374e-07
2256 3.35791046458027e-07
2257 3.34849244038951e-07
2258 3.33910111479042e-07
2259 3.32973641151583e-07
2260 3.32039825458235e-07
2261 3.31108656801444e-07
2262 3.30180127634054e-07
2263 3.29254230406499e-07
2264 3.28330957601837e-07
2265 3.27410301728424e-07
2266 3.26492255303141e-07
2267 3.25576810878807e-07
2268 3.24663961015203e-07
2269 3.23753698310129e-07
2270 3.22846015367219e-07
2271 3.21940904822387e-07
2272 3.21038359324266e-07
2273 3.20138371550389e-07
2274 3.19240934191328e-07
2275 3.18346039964102e-07
2276 3.17453681603055e-07
2277 3.16563851870238e-07
2278 3.15676543540950e-07
2279 3.14791749412011e-07
2280 3.13909462307866e-07
2281 3.13029675061205e-07
2282 3.12152380539463e-07
2283 3.11277571622088e-07
2284 3.10405241210996e-07
2285 3.09535382224170e-07
2286 3.08667987608045e-07
2287 3.07803050326792e-07
2288 3.06940563358451e-07
2289 3.06080519705900e-07
2290 3.05222912395541e-07
2291 3.04367734468513e-07
2292 3.03514978988086e-07
2293 3.02664639034518e-07
2294 3.01816707714147e-07
2295 3.00971178146595e-07
2296 3.00128043479301e-07
2297 2.99287296869666e-07
2298 2.98448931498507e-07
2299 2.97612940568337e-07
2300 2.96779317297826e-07
2301 2.95948054933029e-07
2302 2.95119146723871e-07
2303 2.94292585959266e-07
2304 2.93468365931811e-07
2305 2.92646479956646e-07
2306 2.91826921376590e-07
2307 2.91009683542989e-07
2308 2.90194759831385e-07
2309 2.89382143635845e-07
2310 2.88571828367256e-07
2311 2.87763807460947e-07
2312 2.86958074362246e-07
2313 2.86154622545453e-07
2314 2.85353445493391e-07
2315 2.84554536717950e-07
2316 2.83757889741578e-07
2317 2.82963498107934e-07
2318 2.82171355378214e-07
2319 2.81381455136071e-07
2320 2.80593790982170e-07
2321 2.79808356527890e-07
2322 2.79025145416716e-07
2323 2.78244151294567e-07
2324 2.77465367842120e-07
2325 2.76688788740594e-07
2326 2.75914407708596e-07
2327 2.75142218465267e-07
2328 2.74372214760262e-07
2329 2.73604390356370e-07
2330 2.72838739029434e-07
2331 2.72075254582996e-07
2332 2.71313930830684e-07
2333 2.70554761604817e-07
2334 2.69797740759626e-07
2335 2.69042862164058e-07
2336 2.68290119704510e-07
2337 2.67539507281590e-07
2338 2.66791018826339e-07
2339 2.66044648269721e-07
2340 2.65300389572646e-07
2341 2.64558236709281e-07
2342 2.63818183669825e-07
2343 2.63080224462461e-07
2344 2.62344353111729e-07
2345 2.61610563662125e-07
2346 2.60878850177391e-07
2347 2.60149206725402e-07
2348 2.59421627410226e-07
2349 2.58696106335261e-07
2350 2.57972637632566e-07
2351 2.57251215447880e-07
2352 2.56531833938101e-07
2353 2.55814487283602e-07
2354 2.55099169683945e-07
2355 2.54385875341595e-07
2356 2.53674598492698e-07
2357 2.52965333376963e-07
2358 2.52258074260318e-07
2359 2.51552815415994e-07
2360 2.50849551144527e-07
2361 2.50148275745868e-07
2362 2.49448983558367e-07
2363 2.48751668917696e-07
2364 2.48056326186588e-07
2365 2.47362949737396e-07
2366 2.46671533966948e-07
2367 2.45982073281040e-07
2368 2.45294562096453e-07
2369 2.44608994864658e-07
2370 2.43925366034216e-07
2371 2.43243670079482e-07
2372 2.42563901485638e-07
2373 2.41886054760746e-07
2374 2.41210124415717e-07
2375 2.40536104990968e-07
2376 2.39863991039959e-07
2377 2.39193777119761e-07
2378 2.38525457820329e-07
2379 2.37859027738116e-07
2380 2.37194481478802e-07
2381 2.36531813679681e-07
2382 2.35871018979021e-07
2383 2.35212092035530e-07
2384 2.34555027524736e-07
2385 2.33899820138712e-07
2386 2.33246464580576e-07
2387 2.32594955565298e-07
2388 2.31945287835400e-07
2389 2.31297456139128e-07
2390 2.30651455241506e-07
2391 2.30007279920866e-07
2392 2.29364924972896e-07
2393 2.28724385207727e-07
2394 2.28085655454568e-07
2395 2.27448730546924e-07
2396 2.26813605345325e-07
2397 2.26180274713993e-07
2398 2.25548733541087e-07
2399 2.24918976724387e-07
2400 2.24290999174403e-07
2401 2.23664795827611e-07
2402 2.23040361617731e-07
2403 2.22417691500022e-07
2404 2.21796780459750e-07
2405 2.21177623469073e-07
2406 2.20560215540212e-07
2407 2.19944551673619e-07
2408 2.19330626905500e-07
2409 2.18718436285738e-07
2410 2.18107974861345e-07
2411 2.17499237711247e-07
2412 2.16892219916017e-07
2413 2.16286916579509e-07
2414 2.15683322812513e-07
2415 2.15081433744439e-07
2416 2.14481244517046e-07
2417 2.13882750286484e-07
2418 2.13285946224982e-07
2419 2.12690827509022e-07
2420 2.12097389340919e-07
2421 2.11505626932781e-07
2422 2.10915535508034e-07
2423 2.10327110302006e-07
2424 2.09740346575495e-07
2425 2.09155239586391e-07
2426 2.08571784618682e-07
2427 2.07989976959996e-07
2428 2.07409811923100e-07
2429 2.06831284824039e-07
2430 2.06254390995598e-07
2431 2.05679125784518e-07
2432 2.05105484553047e-07
2433 2.04533462674690e-07
2434 2.03963055534263e-07
2435 2.03394258535322e-07
2436 2.02827067084188e-07
2437 2.02261476614325e-07
2438 2.01697482557081e-07
2439 2.01135080372678e-07
2440 2.00574265521223e-07
2441 2.00015033483050e-07
2442 1.99457379748640e-07
2443 1.98901299822966e-07
2444 1.98346789225321e-07
2445 1.97793843483109e-07
2446 1.97242458139653e-07
2447 1.96692628750465e-07
2448 1.96144350879533e-07
2449 1.95597620113989e-07
2450 1.95052432049146e-07
2451 1.94508782284982e-07
2452 1.93966666444783e-07
2453 1.93426080160165e-07
2454 1.92887019071627e-07
2455 1.92349478836926e-07
2456 1.91813455128775e-07
2457 1.91278943624581e-07
2458 1.90745940017241e-07
2459 1.90214440016436e-07
2460 1.89684439338043e-07
2461 1.89155933712896e-07
2462 1.88628918882905e-07
2463 1.88103390607854e-07
2464 1.87579344648972e-07
2465 1.87056776791510e-07
2466 1.86535682824651e-07
2467 1.86016058548924e-07
2468 1.85497899781778e-07
2469 1.84981202351441e-07
2470 1.84465962098639e-07
2471 1.83952174874867e-07
2472 1.83439836537400e-07
2473 1.82928942969061e-07
2474 1.82419490050913e-07
2475 1.81911473690061e-07
2476 1.81404889786716e-07
2477 1.80899734271037e-07
2478 1.80396003071521e-07
2479 1.79893692140582e-07
2480 1.79392797425846e-07
2481 1.78893314904207e-07
2482 1.78395240550845e-07
2483 1.77898570360800e-07
2484 1.77403300339005e-07
2485 1.76909426497325e-07
2486 1.76416944861004e-07
2487 1.75925851470214e-07
2488 1.75436142371918e-07
2489 1.74947813628257e-07
2490 1.74460861309809e-07
2491 1.73975281501899e-07
2492 1.73491070293405e-07
2493 1.73008223791722e-07
2494 1.72526738113780e-07
2495 1.72046609388895e-07
2496 1.71567833755290e-07
2497 1.71090407360607e-07
2498 1.70614326363984e-07
2499 1.70139586941445e-07
2500 1.69666185274568e-07
2501 1.69194117551928e-07
2502 1.68723379986220e-07
2503 1.68253968786481e-07
2504 1.67785880186382e-07
2505 1.67319110411832e-07
2506 1.66853655718855e-07
2507 1.66389512365454e-07
2508 1.65926676617716e-07
2509 1.65465144759982e-07
2510 1.65004913077432e-07
2511 1.64545977874745e-07
2512 1.64088335462975e-07
2513 1.63631982167746e-07
2514 1.63176914313267e-07
2515 1.62723128253536e-07
2516 1.62270620336076e-07
2517 1.61819386927614e-07
2518 1.61369424399945e-07
2519 1.60920729141978e-07
2520 1.60473297548947e-07
2521 1.60027126023327e-07
2522 1.59582210984374e-07
2523 1.59138548856213e-07
2524 1.58696136080314e-07
2525 1.58254969095617e-07
2526 1.57815044367098e-07
2527 1.57376358355945e-07
2528 1.56938907544943e-07
2529 1.56502688415793e-07
2530 1.56067697470385e-07
2531 1.55633931213907e-07
2532 1.55201386164487e-07
2533 1.54770058848520e-07
2534 1.54339945805072e-07
2535 1.53911043579653e-07
2536 1.53483348731290e-07
2537 1.53056857824799e-07
2538 1.52631567439944e-07
2539 1.52207474160000e-07
2540 1.51784574588273e-07
2541 1.51362865320139e-07
2542 1.50942342979468e-07
2543 1.50523004190185e-07
2544 1.50104845588830e-07
2545 1.49687863814628e-07
2546 1.49272055529135e-07
2547 1.48857417392639e-07
2548 1.48443946078945e-07
2549 1.48031638273741e-07
2550 1.47620490665986e-07
2551 1.47210499959035e-07
2552 1.46801662865937e-07
2553 1.46393976107102e-07
2554 1.45987436412092e-07
2555 1.45582040520798e-07
2556 1.45177785184822e-07
2557 1.44774667158303e-07
2558 1.44372683211788e-07
2559 1.43971830117683e-07
2560 1.43572104670471e-07
2561 1.43173503657932e-07
2562 1.42776023889191e-07
2563 1.42379662176206e-07
2564 1.41984415341391e-07
2565 1.41590280217020e-07
2566 1.41197253645321e-07
2567 1.40805332473194e-07
2568 1.40414513561095e-07
2569 1.40024793777621e-07
2570 1.39636169996924e-07
2571 1.39248639110727e-07
2572 1.38862198009071e-07
2573 1.38476843597514e-07
2574 1.38092572788752e-07
2575 1.37709382504981e-07
2576 1.37327269669639e-07
2577 1.36946231232405e-07
2578 1.36566264132934e-07
2579 1.36187365328358e-07
2580 1.35809531789988e-07
2581 1.35432760486453e-07
2582 1.35057048404952e-07
2583 1.34682392529743e-07
2584 1.34308789865513e-07
2585 1.33936237418794e-07
2586 1.33564732205802e-07
2587 1.33194271255534e-07
2588 1.32824851596434e-07
2589 1.32456470277568e-07
2590 1.32089124345008e-07
2591 1.31722810860869e-07
2592 1.31357526890549e-07
2593 1.30993269514069e-07
2594 1.30630035811249e-07
2595 1.30267822877429e-07
2596 1.29906627812728e-07
2597 1.29546447728922e-07
2598 1.29187279740735e-07
2599 1.28829120974422e-07
2600 1.28471968569374e-07
2601 1.28115819664614e-07
2602 1.27760671407786e-07
2603 1.27406520961340e-07
2604 1.27053365489154e-07
2605 1.26701202169313e-07
2606 1.26350028187119e-07
2607 1.25999840725792e-07
2608 1.25650636990987e-07
2609 1.25302414187629e-07
2610 1.24955169532966e-07
2611 1.24608900243794e-07
2612 1.24263603558191e-07
2613 1.23919276716422e-07
2614 1.23575916961184e-07
2615 1.23233521545824e-07
2616 1.22892087736634e-07
2617 1.22551612800982e-07
2618 1.22212094020160e-07
2619 1.21873528677245e-07
2620 1.21535914070155e-07
2621 1.21199247497358e-07
2622 1.20863526267231e-07
2623 1.20528747698978e-07
2624 1.20194909116993e-07
2625 1.19862007851611e-07
2626 1.19530041246591e-07
2627 1.19199006647664e-07
2628 1.18868901408008e-07
2629 1.18539722891333e-07
2630 1.18211468469845e-07
2631 1.17884135518977e-07
2632 1.17557721424138e-07
2633 1.17232223582066e-07
2634 1.16907639387762e-07
2635 1.16583966251943e-07
2636 1.16261201586766e-07
2637 1.15939342817238e-07
2638 1.15618387374859e-07
2639 1.15298332693478e-07
2640 1.14979176212554e-07
2641 1.14660915397752e-07
2642 1.14343547698066e-07
2643 1.14027070580838e-07
2644 1.13711481519479e-07
2645 1.13396777996536e-07
2646 1.13082957502402e-07
2647 1.12770017525828e-07
2648 1.12457955573695e-07
2649 1.12146769157977e-07
2650 1.11836455790172e-07
2651 1.11527012994811e-07
2652 1.11218438304950e-07
2653 1.10910729257178e-07
2654 1.10603883395765e-07
2655 1.10297898273986e-07
2656 1.09992771448505e-07
2657 1.09688500488000e-07
2658 1.09385082966427e-07
2659 1.09082516461049e-07
2660 1.08780798553812e-07
2661 1.08479926847569e-07
2662 1.08179898937900e-07
2663 1.07880712434107e-07
2664 1.07582364946897e-07
2665 1.07284854103179e-07
2666 1.06988177524729e-07
2667 1.06692332847231e-07
2668 1.06397317713879e-07
2669 1.06103129773813e-07
2670 1.05809766679828e-07
2671 1.05517226095291e-07
2672 1.05225505685720e-07
2673 1.04934603127598e-07
2674 1.04644516102344e-07
2675 1.04355242300103e-07
2676 1.04066779409116e-07
2677 1.03779125137078e-07
2678 1.03492277192514e-07
2679 1.03206233283566e-07
2680 1.02920991138391e-07
2681 1.02636548476586e-07
2682 1.02352903038984e-07
2683 1.02070052563678e-07
2684 1.01787994800468e-07
2685 1.01506727496947e-07
2686 1.01226248415865e-07
2687 1.00946555323774e-07
2688 1.00667645993780e-07
2689 1.00389518203457e-07
2690 1.00112169737612e-07
2691 9.98355983921630e-08
2692 9.95598019575061e-08
2693 9.92847782442849e-08
2694 9.90105250615631e-08
2695 9.87370402231801e-08
2696 9.84643215554296e-08
2697 9.81923668835940e-08
2698 9.79211740527986e-08
2699 9.76507408914258e-08
2700 9.73810652555960e-08
2701 9.71121449961644e-08
2702 9.68439779750406e-08
2703 9.65765620567359e-08
2704 9.63098951155074e-08
2705 9.60439750271616e-08
2706 9.57787996765600e-08
2707 9.55143669567706e-08
2708 9.52506747601751e-08
2709 9.49877209914292e-08
2710 9.47255035622831e-08
2711 9.44640203826893e-08
2712 9.42032693732646e-08
2713 9.39432484616899e-08
2714 9.36839555805885e-08
2715 9.34253886655353e-08
2716 9.31675456609269e-08
2717 9.29104245220967e-08
2718 9.26540232002411e-08
2719 9.23983396531749e-08
2720 9.21433718582398e-08
2721 9.18891177807562e-08
2722 9.16355754025018e-08
2723 9.13827427076448e-08
2724 9.11306176869395e-08
2725 9.08791983396882e-08
2726 9.06284826625152e-08
2727 9.03784686654945e-08
2728 9.01291543647969e-08
2729 8.98805377740686e-08
2730 8.96326169186842e-08
2731 8.93853898334890e-08
2732 8.91388545526124e-08
2733 8.88930091213168e-08
2734 8.86478515764637e-08
2735 8.84033799806638e-08
2736 8.81595923853805e-08
2737 8.79164868606187e-08
2738 8.76740614734035e-08
2739 8.74323142951939e-08
2740 8.71912434111494e-08
2741 8.69508469069814e-08
2742 8.67111228742357e-08
2743 8.64720694011879e-08
2744 8.62336846047705e-08
2745 8.59959665800430e-08
2746 8.57589134455816e-08
2747 8.55225233209625e-08
2748 8.52867943269798e-08
2749 8.50517245958721e-08
2750 8.48173122591628e-08
2751 8.45835554562508e-08
2752 8.43504523323887e-08
2753 8.41180010452218e-08
2754 8.38861997408433e-08
2755 8.36550465842877e-08
2756 8.34245397419554e-08
2757 8.31946773853680e-08
2758 8.29654576913292e-08
2759 8.27368788412997e-08
2760 8.25089390249713e-08
2761 8.22816364276948e-08
2762 8.20549692529427e-08
2763 8.18289357029761e-08
2764 8.16035339819255e-08
2765 8.13787623058911e-08
2766 8.11546188921823e-08
2767 8.09311019632973e-08
2768 8.07082097456856e-08
2769 8.04859404747576e-08
2770 8.02642923891290e-08
2771 8.00432637293182e-08
2772 7.98228527448688e-08
2773 7.96030576889755e-08
2774 7.93838768242059e-08
2775 7.91653084077157e-08
2776 7.89473507074040e-08
2777 7.87300020004300e-08
2778 7.85132605608932e-08
2779 7.82971246739026e-08
2780 7.80815926301710e-08
2781 7.78666627159325e-08
2782 7.76523332326671e-08
2783 7.74386024821017e-08
2784 7.72254687740030e-08
2785 7.70129304133457e-08
2786 7.68009857245516e-08
2787 7.65896330253231e-08
2788 7.63788706435564e-08
2789 7.61686969099604e-08
2790 7.59591101623868e-08
2791 7.57501087371318e-08
2792 7.55416909849151e-08
2793 7.53338552519121e-08
2794 7.51265998958377e-08
2795 7.49199232763173e-08
2796 7.47138237541027e-08
2797 7.45082997009746e-08
2798 7.43033494908493e-08
2799 7.40989714999943e-08
2800 7.38951641157466e-08
2801 7.36919257195495e-08
2802 7.34892547075085e-08
2803 7.32871494750850e-08
2804 7.30856084220384e-08
2805 7.28846299594312e-08
2806 7.26842124934348e-08
2807 7.24843544337623e-08
2808 7.22850542111813e-08
2809 7.20863102423535e-08
2810 7.18881209594668e-08
2811 7.16904847867913e-08
2812 7.14934001725844e-08
2813 7.12968655533308e-08
2814 7.11008793794079e-08
2815 7.09054400944726e-08
2816 7.07105461576722e-08
2817 7.05161960306616e-08
2818 7.03223881720015e-08
2819 7.01291210557565e-08
2820 6.99363931501737e-08
2821 6.97442029318101e-08
2822 6.95525488863458e-08
2823 6.93614294972222e-08
2824 6.91708432534895e-08
2825 6.89807886513373e-08
2826 6.87912641872297e-08
2827 6.86022683640334e-08
2828 6.84137996926281e-08
2829 6.82258566803446e-08
2830 6.80384378431739e-08
2831 6.78515417048988e-08
2832 6.76651667822327e-08
2833 6.74793116116175e-08
2834 6.72939747195157e-08
2835 6.71091546474641e-08
2836 6.69248499329403e-08
2837 6.67410591213145e-08
2838 6.65577807632235e-08
2839 6.63750134095563e-08
2840 6.61927556184875e-08
2841 6.60110059545944e-08
2842 6.58297629810366e-08
2843 6.56490252665973e-08
2844 6.54687913863615e-08
2845 6.52890599162563e-08
2846 6.51098294403422e-08
2847 6.49310985433948e-08
2848 6.47528658165761e-08
2849 6.45751298537416e-08
2850 6.43978892512917e-08
2851 6.42211426144136e-08
2852 6.40448885441948e-08
2853 6.38691256552637e-08
2854 6.36938525589132e-08
2855 6.35190678709214e-08
2856 6.33447702217635e-08
2857 6.31709582295218e-08
2858 6.29976305218065e-08
2859 6.28247857375613e-08
2860 6.26524225145767e-08
2861 6.24805394909445e-08
2862 6.23091353128158e-08
2863 6.21382086295132e-08
2864 6.19677580929916e-08
2865 6.17977823593535e-08
2866 6.16282800938416e-08
2867 6.14592499559428e-08
2868 6.12906906171402e-08
2869 6.11226007462136e-08
2870 6.09549790193656e-08
2871 6.07878241208751e-08
2872 6.06211347276118e-08
2873 6.04549095284663e-08
2874 6.02891472180631e-08
2875 6.01238464865892e-08
2876 5.99590060335537e-08
2877 5.97946245588260e-08
2878 5.96307007732490e-08
2879 5.94672333792519e-08
2880 5.93042210970318e-08
2881 5.91416626383736e-08
2882 5.89795567246426e-08
2883 5.88179020797174e-08
2884 5.86566974333523e-08
2885 5.84959415132973e-08
2886 5.83356330565415e-08
2887 5.81757708018656e-08
2888 5.80163534887091e-08
2889 5.78573798643085e-08
2890 5.76988486809150e-08
2891 5.75407586831196e-08
2892 5.73831086390136e-08
2893 5.72258972953410e-08
2894 5.70691234274998e-08
2895 5.69127857930104e-08
2896 5.67568831656804e-08
2897 5.66014143200771e-08
2898 5.64463780344831e-08
2899 5.62917730877569e-08
2900 5.61375982638670e-08
2901 5.59838523528839e-08
2902 5.58305341434071e-08
2903 5.56776424336553e-08
2904 5.55251760174407e-08
2905 5.53731336985148e-08
2906 5.52215142814147e-08
2907 5.50703165769012e-08
2908 5.49195393899490e-08
2909 5.47691815457583e-08
2910 5.46192418526166e-08
2911 5.44697191380885e-08
2912 5.43206122291291e-08
2913 5.41719199512175e-08
2914 5.40236411342939e-08
2915 5.38757746181565e-08
2916 5.37283192362011e-08
2917 5.35812738321157e-08
2918 5.34346372528434e-08
2919 5.32884083486847e-08
2920 5.31425859639960e-08
2921 5.29971689606848e-08
2922 5.28521561946141e-08
2923 5.27075465270001e-08
2924 5.25633388236123e-08
2925 5.24195319512574e-08
2926 5.22761247789578e-08
2927 5.21331161846533e-08
2928 5.19905050424046e-08
2929 5.18482902392250e-08
2930 5.17064706510588e-08
2931 5.15650451713127e-08
2932 5.14240126857686e-08
2933 5.12833720913242e-08
2934 5.11431222845983e-08
2935 5.10032621593256e-08
2936 5.08637906273675e-08
2937 5.07247065885836e-08
2938 5.05860089499754e-08
2939 5.04476966331577e-08
2940 5.03097685454737e-08
2941 5.01722236063307e-08
2942 5.00350607395993e-08
2943 4.98982788691687e-08
2944 4.97618769223523e-08
2945 4.96258538268224e-08
2946 4.94902085214950e-08
2947 4.93549399400691e-08
2948 4.92200470221685e-08
2949 4.90855287081222e-08
2950 4.89513839486479e-08
2951 4.88176116909631e-08
2952 4.86842108843209e-08
2953 4.85511804870628e-08
2954 4.84185194533603e-08
2955 4.82862267466676e-08
2956 4.81543013310687e-08
2957 4.80227421669643e-08
2958 4.78915482298461e-08
2959 4.77607184931276e-08
2960 4.76302519262558e-08
2961 4.75001475138334e-08
2962 4.73704042324175e-08
2963 4.72410210671450e-08
2964 4.71119970072676e-08
2965 4.69833310391654e-08
2966 4.68550221569042e-08
2967 4.67270693591114e-08
2968 4.65994716363217e-08
2969 4.64722279983757e-08
2970 4.63453374420667e-08
2971 4.62187989841948e-08
2972 4.60926116219045e-08
2973 4.59667743789731e-08
2974 4.58412862655477e-08
2975 4.57161463007493e-08
2976 4.55913535012596e-08
2977 4.54669068973809e-08
2978 4.53428055109135e-08
2979 4.52190483726665e-08
2980 4.50956345194073e-08
2981 4.49725629765801e-08
2982 4.48498327910491e-08
2983 4.47274429932993e-08
2984 4.46053926343070e-08
2985 4.44836807591070e-08
2986 4.43623064141202e-08
2987 4.42412686475674e-08
2988 4.41205665224083e-08
2989 4.40001990792827e-08
2990 4.38801653925310e-08
2991 4.37604645169884e-08
2992 4.36410955231925e-08
2993 4.35220574705352e-08
2994 4.34033494323221e-08
2995 4.32849704813256e-08
2996 4.31669196916855e-08
2997 4.30491961431271e-08
2998 4.29317989139453e-08
2999 4.28147270857138e-08
3000 4.26979797497164e-08
3001 4.25815559885366e-08
3002 4.24654548946959e-08
3003 4.23496755607790e-08
3004 4.22342170870178e-08
3005 4.21190785677812e-08
3006 4.20042591015270e-08
3007 4.18897578007185e-08
3008 4.17755737610350e-08
3009 4.16617060983928e-08
3010 4.15481539198997e-08
3011 4.14349163455023e-08
3012 4.13219924836905e-08
3013 4.12093814569316e-08
3014 4.10970823859155e-08
3015 4.09850943983892e-08
3016 4.08734166113852e-08
3017 4.07620481623080e-08
3018 4.06509881796253e-08
3019 4.05402357976022e-08
3020 4.04297901506744e-08
3021 4.03196503757308e-08
3022 4.02098156198090e-08
3023 4.01002850208657e-08
3024 3.99910577243860e-08
3025 3.98821328853358e-08
3026 3.97735096490458e-08
3027 3.96651871690045e-08
3028 3.95571646019867e-08
3029 3.94494411072196e-08
3030 3.93420158425371e-08
3031 3.92348879708302e-08
3032 3.91280566567064e-08
3033 3.90215210733812e-08
3034 3.89152803839975e-08
3035 3.88093337613395e-08
3036 3.87036803832486e-08
3037 3.85983194265394e-08
3038 3.84932500658948e-08
3039 3.83884714866208e-08
3040 3.82839828729686e-08
3041 3.81797834088354e-08
3042 3.80758722861765e-08
3043 3.79722486911860e-08
3044 3.78689118199528e-08
3045 3.77658608672826e-08
3046 3.76630950310678e-08
3047 3.75606135083117e-08
3048 3.74584155079601e-08
3049 3.73565002303038e-08
3050 3.72548668809637e-08
3051 3.71535146681219e-08
3052 3.70524428080511e-08
3053 3.69516505118605e-08
3054 3.68511369939900e-08
3055 3.67509014718971e-08
3056 3.66509431673794e-08
3057 3.65512613007457e-08
3058 3.64518550992494e-08
3059 3.63527237893802e-08
3060 3.62538665998188e-08
3061 3.61552827598591e-08
3062 3.60569715090932e-08
3063 3.59589320714899e-08
3064 3.58611636940288e-08
3065 3.57636656149449e-08
3066 3.56664370709846e-08
3067 3.55694773131494e-08
3068 3.54727855857102e-08
3069 3.53763611382273e-08
3070 3.52802032174210e-08
3071 3.51843110770239e-08
3072 3.50886839754273e-08
3073 3.49933211649757e-08
3074 3.48982219072466e-08
3075 3.48033854637137e-08
3076 3.47088110944156e-08
3077 3.46144980687171e-08
3078 3.45204456530169e-08
3079 3.44266531138096e-08
3080 3.43331197243712e-08
3081 3.42398447618763e-08
3082 3.41468274963360e-08
3083 3.40540672109382e-08
3084 3.39615631781599e-08
3085 3.38693146866490e-08
3086 3.37773210181281e-08
3087 3.36855814571047e-08
3088 3.35940952933074e-08
3089 3.35028618153388e-08
3090 3.34118803168103e-08
3091 3.33211500889410e-08
3092 3.32306704298557e-08
3093 3.31404406365514e-08
3094 3.30504600095702e-08
3095 3.29607278503481e-08
3096 3.28712434618143e-08
3097 3.27820061520927e-08
3098 3.26930152264866e-08
3099 3.26042700001853e-08
3100 3.25157697753412e-08
3101 3.24275138739617e-08
3102 3.23395016080579e-08
3103 3.22517322972705e-08
3104 3.21642052602320e-08
3105 3.20769198144116e-08
3106 3.19898752916671e-08
3107 3.19030710104358e-08
3108 3.18165062991834e-08
3109 3.17301804875531e-08
3110 3.16440929070281e-08
3111 3.15582428926559e-08
3112 3.14726297766578e-08
3113 3.13872528921582e-08
3114 3.13021115812687e-08
3115 3.12172051878279e-08
3116 3.11325330482055e-08
3117 3.10480945122111e-08
3118 3.09638889192810e-08
3119 3.08799156227823e-08
3120 3.07961739689892e-08
3121 3.07126633127538e-08
3122 3.06293830031775e-08
3123 3.05463323987335e-08
3124 3.04635108568425e-08
3125 3.03809177347618e-08
3126 3.02985523934502e-08
3127 3.02164141951347e-08
3128 3.01345025077624e-08
3129 3.00528166909975e-08
3130 2.99713561152035e-08
3131 2.98901201514055e-08
3132 2.98091081712705e-08
3133 2.97283195471113e-08
3134 2.96477536546187e-08
3135 2.95674098688346e-08
3136 2.94872875706546e-08
3137 2.94073861379469e-08
3138 2.93277049543849e-08
3139 2.92482434046202e-08
3140 2.91690008731759e-08
3141 2.90899767458072e-08
3142 2.90111704147428e-08
3143 2.89325812689799e-08
3144 2.88542086993372e-08
3145 2.87760521026096e-08
3146 2.86981108735467e-08
3147 2.86203844117445e-08
3148 2.85428721148254e-08
3149 2.84655733827959e-08
3150 2.83884876204516e-08
3151 2.83116142325494e-08
3152 2.82349526213281e-08
3153 2.81585021986310e-08
3154 2.80822623711885e-08
3155 2.80062325532920e-08
3156 2.79304121546656e-08
3157 2.78548005911209e-08
3158 2.77793972776672e-08
3159 2.77042016352629e-08
3160 2.76292130799439e-08
3161 2.75544310375130e-08
3162 2.74798549241183e-08
3163 2.74054841676393e-08
3164 2.73313181942594e-08
3165 2.72573564305158e-08
3166 2.71835983044302e-08
3167 2.71100432517449e-08
3168 2.70366907000600e-08
3169 2.69635400864523e-08
3170 2.68905908414498e-08
3171 2.68178424081777e-08
3172 2.67452942241754e-08
3173 2.66729457301004e-08
3174 2.66007963635800e-08
3175 2.65288455710286e-08
3176 2.64570927998546e-08
3177 2.63855374977595e-08
3178 2.63141791071738e-08
3179 2.62430170783224e-08
3180 2.61720508681394e-08
3181 2.61012799269305e-08
3182 2.60307037077531e-08
3183 2.59603216708727e-08
3184 2.58901332649085e-08
3185 2.58201379598861e-08
3186 2.57503352123448e-08
3187 2.56807244830749e-08
3188 2.56113052345304e-08
3189 2.55420769329901e-08
3190 2.54730390476003e-08
3191 2.54041910450556e-08
3192 2.53355323937941e-08
3193 2.52670625678291e-08
3194 2.51987810378211e-08
3195 2.51306872788393e-08
3196 2.50627807658532e-08
3197 2.49950609748300e-08
3198 2.49275273894356e-08
3199 2.48601794834193e-08
3200 2.47930167428476e-08
3201 2.47260386471256e-08
3202 2.46592446862041e-08
3203 2.45926343392594e-08
3204 2.45262071028473e-08
3205 2.44599624565801e-08
3206 2.43938998963586e-08
3207 2.43280189080493e-08
3208 2.42623189922203e-08
3209 2.41967996420806e-08
3210 2.41314603494462e-08
3211 2.40663006151799e-08
3212 2.40013199365389e-08
3213 2.39365178171859e-08
3214 2.38718937547824e-08
3215 2.38074472500668e-08
3216 2.37431778156730e-08
3217 2.36790849527879e-08
3218 2.36151681713972e-08
3219 2.35514269758111e-08
3220 2.34878608787678e-08
3221 2.34244693932504e-08
3222 2.33612520322779e-08
3223 2.32982083046138e-08
3224 2.32353377313311e-08
3225 2.31726398281195e-08
3226 2.31101141111650e-08
3227 2.30477601041125e-08
3228 2.29855773248965e-08
3229 2.29235652996271e-08
3230 2.28617235469777e-08
3231 2.28000515979874e-08
3232 2.27385489739531e-08
3233 2.26772152038564e-08
3234 2.26160498169784e-08
3235 2.25550523449727e-08
3236 2.24942223229186e-08
3237 2.24335592747343e-08
3238 2.23730627463301e-08
3239 2.23127322620169e-08
3240 2.22525673646056e-08
3241 2.21925675968592e-08
3242 2.21327324879732e-08
3243 2.20730615881823e-08
3244 2.20135544373036e-08
3245 2.19542105773487e-08
3246 2.18950295516209e-08
3247 2.18360109101611e-08
3248 2.17771542002828e-08
3249 2.17184589689429e-08
3250 2.16599247628813e-08
3251 2.16015511392365e-08
3252 2.15433376485860e-08
3253 2.14852838422462e-08
3254 2.14273892757948e-08
3255 2.13696535136450e-08
3256 2.13120761001646e-08
3257 2.12546566033647e-08
3258 2.11973945813406e-08
3259 2.11402895927069e-08
3260 2.10833412021795e-08
3261 2.10265489717953e-08
3262 2.09699124727714e-08
3263 2.09134312620582e-08
3264 2.08571049138813e-08
3265 2.08009329953950e-08
3266 2.07449150725452e-08
3267 2.06890507201684e-08
3268 2.06333395119103e-08
3269 2.05777810186677e-08
3270 2.05223748133273e-08
3271 2.04671204751051e-08
3272 2.04120175834571e-08
3273 2.03570657112058e-08
3274 2.03022644390726e-08
3275 2.02476133524183e-08
3276 2.01931120264024e-08
3277 2.01387600479614e-08
3278 2.00845570025245e-08
3279 2.00305024694912e-08
3280 1.99765960442982e-08
3281 1.99228373059883e-08
3282 1.98692258490368e-08
3283 1.98157612600139e-08
3284 1.97624431326315e-08
3285 1.97092710574988e-08
3286 1.96562446309962e-08
3287 1.96033634448218e-08
3288 1.95506270955985e-08
3289 1.94980351808965e-08
3290 1.94455872989179e-08
3291 1.93932830473736e-08
3292 1.93411220276123e-08
3293 1.92891038393137e-08
3294 1.92372280896266e-08
3295 1.91854943784726e-08
3296 1.91339023088395e-08
3297 1.90824514924175e-08
3298 1.90311415334047e-08
3299 1.89799720394530e-08
3300 1.89289426204251e-08
3301 1.88780528856547e-08
3302 1.88273024456162e-08
3303 1.87766909194919e-08
3304 1.87262179099948e-08
3305 1.86758830403095e-08
3306 1.86256859248059e-08
3307 1.85756261805783e-08
3308 1.85257034217333e-08
3309 1.84759172698860e-08
3310 1.84262673446001e-08
3311 1.83767532721975e-08
3312 1.83273746689788e-08
3313 1.82781311581914e-08
3314 1.82290223670448e-08
3315 1.81800479192304e-08
3316 1.81312074410930e-08
3317 1.80825005630638e-08
3318 1.80339269121519e-08
3319 1.79854861171189e-08
3320 1.79371778075939e-08
3321 1.78890016178358e-08
3322 1.78409571791768e-08
3323 1.77930441258857e-08
3324 1.77452620921249e-08
3325 1.76976107144964e-08
3326 1.76500896305860e-08
3327 1.76026984763368e-08
3328 1.75554368940143e-08
3329 1.75083045229387e-08
3330 1.74613009961739e-08
3331 1.74144259707708e-08
3332 1.73676790735384e-08
3333 1.73210599606967e-08
3334 1.72745682707623e-08
3335 1.72282036521618e-08
3336 1.71819657515827e-08
3337 1.71358542161466e-08
3338 1.70898686944977e-08
3339 1.70440088396056e-08
3340 1.69982743025784e-08
3341 1.69526647275341e-08
3342 1.69071797761941e-08
3343 1.68618190977873e-08
3344 1.68165823514148e-08
3345 1.67714691878895e-08
3346 1.67264792654976e-08
3347 1.66816122459342e-08
3348 1.66368677814883e-08
3349 1.65922455399871e-08
3350 1.65477451714791e-08
3351 1.65033663457394e-08
3352 1.64591087231510e-08
3353 1.64149719687815e-08
3354 1.63709557460701e-08
3355 1.63270597169233e-08
3356 1.62832835519243e-08
3357 1.62396269147051e-08
3358 1.61960894784170e-08
3359 1.61526709071628e-08
3360 1.61093708768301e-08
3361 1.60661890520558e-08
3362 1.60231251091682e-08
3363 1.59801787190477e-08
3364 1.59373495570131e-08
3365 1.58946372960975e-08
3366 1.58520416121927e-08
3367 1.58095621815722e-08
3368 1.57671986850360e-08
3369 1.57249507979226e-08
3370 1.56828181958023e-08
3371 1.56408005656578e-08
3372 1.55988975897964e-08
3373 1.55571089397024e-08
3374 1.55154343071080e-08
3375 1.54738733760701e-08
3376 1.54324258240909e-08
3377 1.53910913432359e-08
3378 1.53498696192800e-08
3379 1.53087603336913e-08
3380 1.52677631824108e-08
3381 1.52268778508702e-08
3382 1.51861040265601e-08
3383 1.51454414045325e-08
3384 1.51048896749752e-08
3385 1.50644485308060e-08
3386 1.50241176628412e-08
3387 1.49838967685164e-08
3388 1.49437855397302e-08
3389 1.49037836765930e-08
3390 1.48638908732948e-08
3391 1.48241068269165e-08
3392 1.47844312387398e-08
3393 1.47448638054878e-08
3394 1.47054042290582e-08
3395 1.46660522071297e-08
3396 1.46268074468348e-08
3397 1.45876696487700e-08
3398 1.45486385105172e-08
3399 1.45097137477425e-08
3400 1.44708950575601e-08
3401 1.44321821517934e-08
3402 1.43935747290527e-08
3403 1.43550725053664e-08
3404 1.43166751818044e-08
3405 1.42783824757709e-08
3406 1.42401940920796e-08
3407 1.42021097424257e-08
3408 1.41641291397921e-08
3409 1.41262519977811e-08
3410 1.40884780275267e-08
3411 1.40508069435216e-08
3412 1.40132384587642e-08
3413 1.39757722953387e-08
3414 1.39384081638298e-08
3415 1.39011457853705e-08
3416 1.38639848740610e-08
3417 1.38269251547241e-08
3418 1.37899663438097e-08
3419 1.37531081594904e-08
3420 1.37163503272228e-08
3421 1.36796925677057e-08
3422 1.36431346020557e-08
3423 1.36066761589325e-08
3424 1.35703169585860e-08
3425 1.35340567264849e-08
3426 1.34978951899501e-08
3427 1.34618320732527e-08
3428 1.34258671097254e-08
3429 1.33900000208555e-08
3430 1.33542305412522e-08
3431 1.33185583970273e-08
3432 1.32829833183250e-08
3433 1.32475050411168e-08
3434 1.32121232942273e-08
3435 1.31768378121823e-08
3436 1.31416483254058e-08
3437 1.31065545711466e-08
3438 1.30715562842307e-08
3439 1.30366531971427e-08
3440 1.30018450510192e-08
3441 1.29671315832289e-08
3442 1.29325125281069e-08
3443 1.28979876271739e-08
3444 1.28635566195104e-08
3445 1.28292192456170e-08
3446 1.27949752448628e-08
3447 1.27608243613101e-08
3448 1.27267663325911e-08
3449 1.26928009093140e-08
3450 1.26589278304086e-08
3451 1.26251468412928e-08
3452 1.25914576905690e-08
3453 1.25578601171261e-08
3454 1.25243538749550e-08
3455 1.24909387078887e-08
3456 1.24576143638152e-08
3457 1.24243805933030e-08
3458 1.23912371468531e-08
3459 1.23581837735579e-08
3460 1.23252202195869e-08
3461 1.22923462432391e-08
3462 1.22595615957135e-08
3463 1.22268660286852e-08
3464 1.21942592980688e-08
3465 1.21617411531832e-08
3466 1.21293113558526e-08
3467 1.20969696566060e-08
3468 1.20647158160326e-08
3469 1.20325495883480e-08
3470 1.20004707292117e-08
3471 1.19684790048654e-08
3472 1.19365741714263e-08
3473 1.19047559826988e-08
3474 1.18730242077557e-08
3475 1.18413786015561e-08
3476 1.18098189292988e-08
3477 1.17783449556967e-08
3478 1.17469564402070e-08
3479 1.17156531460719e-08
3480 1.16844348405642e-08
3481 1.16533012884723e-08
3482 1.16222522525418e-08
3483 1.15912875052647e-08
3484 1.15604068115054e-08
3485 1.15296099343273e-08
3486 1.14988966491233e-08
3487 1.14682667218185e-08
3488 1.14377199239446e-08
3489 1.14072560239004e-08
3490 1.13768747938041e-08
3491 1.13465760035303e-08
3492 1.13163594260838e-08
3493 1.12862248397552e-08
3494 1.12561720115467e-08
3495 1.12262007158818e-08
3496 1.11963107330317e-08
3497 1.11665018351242e-08
3498 1.11367737964288e-08
3499 1.11071263971561e-08
3500 1.10775594155847e-08
3501 1.10480726284780e-08
3502 1.10186658127191e-08
3503 1.09893387447924e-08
3504 1.09600912133686e-08
3505 1.09309229945289e-08
3506 1.09018338665168e-08
3507 1.08728236136733e-08
3508 1.08438920194762e-08
3509 1.08150388666493e-08
3510 1.07862639382759e-08
3511 1.07575670155627e-08
3512 1.07289478855973e-08
3513 1.07004063379776e-08
3514 1.06719421521802e-08
3515 1.06435551217514e-08
3516 1.06152450237761e-08
3517 1.05870116545903e-08
3518 1.05588548002738e-08
3519 1.05307742505772e-08
3520 1.05027697935820e-08
3521 1.04748412197494e-08
3522 1.04469883203220e-08
3523 1.04192108845515e-08
3524 1.03915087083179e-08
3525 1.03638815813247e-08
3526 1.03363292960184e-08
3527 1.03088516511882e-08
3528 1.02814484351349e-08
3529 1.02541194436392e-08
3530 1.02268644753441e-08
3531 1.01996833230910e-08
3532 1.01725757826056e-08
3533 1.01455416576856e-08
3534 1.01185807385370e-08
3535 1.00916928245724e-08
3536 1.00648777164548e-08
3537 1.00381352175657e-08
3538 1.00114651193399e-08
3539 9.98486722829749e-09
