# iter  L2_error
0 7.09426254371294e-03
1 6.40070295377842e-03
2 5.87988956488361e-03
3 5.43662267806165e-03
4 5.04200849723651e-03
5 4.68176725929516e-03
6 4.34740194339992e-03
7 4.03345904215422e-03
8 3.73634931514823e-03
9 3.45373355757302e-03
10 3.18415812376814e-03
11 2.92681348070539e-03
12 2.68135746843817e-03
13 2.44777499206139e-03
14 2.22626083712852e-03
15 2.01712018203118e-03
16 1.82068537702752e-03
17 1.63724920154757e-03
18 1.46701501462745e-03
19 1.31006362895229e-03
20 1.16633584748494e-03
21 1.03562872876420e-03
22 9.17602976748512e-04
23 8.11798455967849e-04
24 7.17654713443562e-04
25 6.34533512325855e-04
26 5.61740711782711e-04
27 4.98545344834962e-04
28 4.44194461208248e-04
29 3.97923242900544e-04
30 3.58961052299277e-04
31 3.26535277089010e-04
32 2.99875699350905e-04
33 2.86156447313244e-04
34 2.76161949454309e-04
35 2.68407218049571e-04
36 2.62398229410303e-04
37 2.57727788887478e-04
38 2.54068689917152e-04
39 2.51163613137139e-04
40 2.48813829305501e-04
41 2.46868174210123e-04
42 2.45213144984756e-04
43 2.43764482646819e-04
44 2.42460289770397e-04
45 2.41255558375269e-04
46 2.40117907677382e-04
47 2.39024315088776e-04
48 2.37958638533277e-04
49 2.36909755979469e-04
50 2.35870179050269e-04
51 2.34835026626812e-04
52 2.33801269445128e-04
53 2.32767177294967e-04
54 2.31731916844140e-04
55 2.30695260909573e-04
56 2.29657379828200e-04
57 2.28618693054421e-04
58 2.27579764747319e-04
59 2.26541231337711e-04
60 2.25503752219470e-04
61 2.24467977056532e-04
62 2.23434524936646e-04
63 2.22403971890332e-04
64 2.21376844242914e-04
65 2.20353615966861e-04
66 2.19334708715170e-04
67 2.18320493592495e-04
68 2.17311293995704e-04
69 2.16307389055273e-04
70 2.15309017354061e-04
71 2.14316380704494e-04
72 2.13329647840079e-04
73 2.12348957930662e-04
74 2.11374423868105e-04
75 2.10406135295454e-04
76 2.09444161370300e-04
77 2.08488553264878e-04
78 2.07539346413254e-04
79 2.06596562520450e-04
80 2.05660211350787e-04
81 2.04730292314053e-04
82 2.03806795868000e-04
83 2.02889704755179e-04
84 2.01978995091272e-04
85 2.01074637320884e-04
86 2.00176597055376e-04
87 1.99284835806254e-04
88 1.98399311626126e-04
89 1.97519979668196e-04
90 1.96646792673903e-04
91 1.95779701397536e-04
92 1.94918654975420e-04
93 1.94063601246518e-04
94 1.93214487030534e-04
95 1.92371258368758e-04
96 1.91533860732344e-04
97 1.90702239202202e-04
98 1.89876338624039e-04
99 1.89056103741751e-04
100 1.88241479311941e-04
101 1.87432410202001e-04
102 1.86628841473843e-04
103 1.85830718455208e-04
104 1.85037986800124e-04
105 1.84250592539939e-04
106 1.83468482126185e-04
107 1.82691602466365e-04
108 1.81919900953546e-04
109 1.81153325490681e-04
110 1.80391824510240e-04
111 1.79635346989932e-04
112 1.78883842464923e-04
113 1.78137261037114e-04
114 1.77395553381836e-04
115 1.76658670752358e-04
116 1.75926564982505e-04
117 1.75199188487640e-04
118 1.74476494264273e-04
119 1.73758435888500e-04
120 1.73044967513414e-04
121 1.72336043865665e-04
122 1.71631620241363e-04
123 1.70931652501277e-04
124 1.70236097065635e-04
125 1.69544910908462e-04
126 1.68858051551549e-04
127 1.68175477058238e-04
128 1.67497146026875e-04
129 1.66823017584199e-04
130 1.66153051378528e-04
131 1.65487207572880e-04
132 1.64825446838031e-04
133 1.64167730345546e-04
134 1.63514019760754e-04
135 1.62864277235799e-04
136 1.62218465402634e-04
137 1.61576547366083e-04
138 1.60938486697001e-04
139 1.60304247425382e-04
140 1.59673794033620e-04
141 1.59047091449822e-04
142 1.58424105041134e-04
143 1.57804800607277e-04
144 1.57189144374016e-04
145 1.56577102986835e-04
146 1.55968643504652e-04
147 1.55363733393603e-04
148 1.54762340520958e-04
149 1.54164433149144e-04
150 1.53569979929782e-04
151 1.52978949897917e-04
152 1.52391312466248e-04
153 1.51807037419525e-04
154 1.51226094909011e-04
155 1.50648455446992e-04
156 1.50074089901459e-04
157 1.49502969490823e-04
158 1.48935065778731e-04
159 1.48370350668956e-04
160 1.47808796400411e-04
161 1.47250375542204e-04
162 1.46695060988817e-04
163 1.46142825955316e-04
164 1.45593643972693e-04
165 1.45047488883254e-04
166 1.44504334836120e-04
167 1.43964156282732e-04
168 1.43426927972539e-04
169 1.42892624948653e-04
170 1.42361222543640e-04
171 1.41832696375383e-04
172 1.41307022342984e-04
173 1.40784176622728e-04
174 1.40264135664184e-04
175 1.39746876186283e-04
176 1.39232375173528e-04
177 1.38720609872211e-04
178 1.38211557786755e-04
179 1.37705196676068e-04
180 1.37201504549972e-04
181 1.36700459665710e-04
182 1.36202040524484e-04
183 1.35706225868041e-04
184 1.35212994675381e-04
185 1.34722326159424e-04
186 1.34234199763812e-04
187 1.33748595159724e-04
188 1.33265492242730e-04
189 1.32784871129758e-04
190 1.32306712156022e-04
191 1.31830995872086e-04
192 1.31357703040904e-04
193 1.30886814634959e-04
194 1.30418311833422e-04
195 1.29952176019368e-04
196 1.29488388777016e-04
197 1.29026931889053e-04
198 1.28567787333939e-04
199 1.28110937283334e-04
200 1.27656364099504e-04
201 1.27204050332765e-04
202 1.26753978719036e-04
203 1.26306132177339e-04
204 1.25860493807417e-04
205 1.25417046887330e-04
206 1.24975774871132e-04
207 1.24536661386553e-04
208 1.24099690232740e-04
209 1.23664845378015e-04
210 1.23232110957688e-04
211 1.22801471271862e-04
212 1.22372910783349e-04
213 1.21946414115515e-04
214 1.21521966050258e-04
215 1.21099551525945e-04
216 1.20679155635417e-04
217 1.20260763624019e-04
218 1.19844360887640e-04
219 1.19429932970809e-04
220 1.19017465564815e-04
221 1.18606944505840e-04
222 1.18198355773111e-04
223 1.17791685487140e-04
224 1.17386919907918e-04
225 1.16984045433156e-04
226 1.16583048596601e-04
227 1.16183916066300e-04
228 1.15786634642949e-04
229 1.15391191258227e-04
230 1.14997572973198e-04
231 1.14605766976697e-04
232 1.14215760583741e-04
233 1.13827541233991e-04
234 1.13441096490233e-04
235 1.13056414036839e-04
236 1.12673481678300e-04
237 1.12292287337768e-04
238 1.11912819055590e-04
239 1.11535064987902e-04
240 1.11159013405225e-04
241 1.10784652691079e-04
242 1.10411971340610e-04
243 1.10040957959274e-04
244 1.09671601261492e-04
245 1.09303890069349e-04
246 1.08937813311307e-04
247 1.08573360020943e-04
248 1.08210519335686e-04
249 1.07849280495609e-04
250 1.07489632842183e-04
251 1.07131565817095e-04
252 1.06775068961068e-04
253 1.06420131912699e-04
254 1.06066744407285e-04
255 1.05714896275724e-04
256 1.05364577443390e-04
257 1.05015777929000e-04
258 1.04668487843573e-04
259 1.04322697389333e-04
260 1.03978396858659e-04
261 1.03635576633030e-04
262 1.03294227182018e-04
263 1.02954339062271e-04
264 1.02615902916489e-04
265 1.02278909472470e-04
266 1.01943349542123e-04
267 1.01609214020494e-04
268 1.01276493884845e-04
269 1.00945180193712e-04
270 1.00615264085967e-04
271 1.00286736779926e-04
272 9.99595895724513e-05
273 9.96338138380629e-05
274 9.93094010280687e-05
275 9.89863426696860e-05
276 9.86646303652262e-05
277 9.83442557912190e-05
278 9.80252106976138e-05
279 9.77074869069461e-05
280 9.73910763135334e-05
281 9.70759708826889e-05
282 9.67621626499287e-05
283 9.64496437201967e-05
284 9.61384062671132e-05
285 9.58284425321968e-05
286 9.55197448241401e-05
287 9.52123055180695e-05
288 9.49061170548178e-05
289 9.46011719402099e-05
290 9.42974627443492e-05
291 9.39949821009291e-05
292 9.36937227065445e-05
293 9.33936773200053e-05
294 9.30948387616684e-05
295 9.27971999127707e-05
296 9.25007537147926e-05
297 9.22054931687838e-05
298 9.19114113347547e-05
299 9.16185013310191e-05
300 9.13267563335987e-05
301 9.10361695755895e-05
302 9.07467343465765e-05
303 9.04584439920034e-05
304 9.01712919126149e-05
305 8.98852715638601e-05
306 8.96003764553084e-05
307 8.93166001500962e-05
308 8.90339362643471e-05
309 8.87523784666343e-05
310 8.84719204774240e-05
311 8.81925560685387e-05
312 8.79142790626050e-05
313 8.76370833325619e-05
314 8.73609628010992e-05
315 8.70859114401676e-05
316 8.68119232704690e-05
317 8.65389923609374e-05
318 8.62671128282616e-05
319 8.59962788363844e-05
320 8.57264845960197e-05
321 8.54577243641727e-05
322 8.51899924436742e-05
323 8.49232831827075e-05
324 8.46575909743482e-05
325 8.43929102561113e-05
326 8.41292355094866e-05
327 8.38665612595286e-05
328 8.36048820743693e-05
329 8.33441925648263e-05
330 8.30844873839500e-05
331 8.28257612266011e-05
332 8.25680088290477e-05
333 8.23112249685276e-05
334 8.20554044628592e-05
335 8.18005421700263e-05
336 8.15466329877859e-05
337 8.12936718532702e-05
338 8.10416537425814e-05
339 8.07905736704499e-05
340 8.05404266897903e-05
341 8.02912078913850e-05
342 8.00429124034646e-05
343 7.97955353913840e-05
344 7.95490720572152e-05
345 7.93035176394206e-05
346 7.90588674124833e-05
347 7.88151166865591e-05
348 7.85722608071228e-05
349 7.83302951546404e-05
350 7.80892151442161e-05
351 7.78490162252650e-05
352 7.76096938811807e-05
353 7.73712436289924e-05
354 7.71336610190748e-05
355 7.68969416347943e-05
356 7.66610810922122e-05
357 7.64260750397586e-05
358 7.61919191579432e-05
359 7.59586091590203e-05
360 7.57261407867205e-05
361 7.54945098159116e-05
362 7.52637120523514e-05
363 7.50337433323471e-05
364 7.48045995225033e-05
365 7.45762765194084e-05
366 7.43487702493809e-05
367 7.41220766681630e-05
368 7.38961917606618e-05
369 7.36711115406594e-05
370 7.34468320505707e-05
371 7.32233493611409e-05
372 7.30006595712115e-05
373 7.27787588074415e-05
374 7.25576432240554e-05
375 7.23373090025815e-05
376 7.21177523516194e-05
377 7.18989695065546e-05
378 7.16809567293389e-05
379 7.14637103082482e-05
380 7.12472265576156e-05
381 7.10315018176172e-05
382 7.08165324540202e-05
383 7.06023148579595e-05
384 7.03888454456935e-05
385 7.01761206583872e-05
386 6.99641369618796e-05
387 6.97528908464620e-05
388 6.95423788266525e-05
389 6.93325974409821e-05
390 6.91235432517755e-05
391 6.89152128449298e-05
392 6.87076028297188e-05
393 6.85007098385592e-05
394 6.82945305268301e-05
395 6.80890615726468e-05
396 6.78842996766608e-05
397 6.76802415618654e-05
398 6.74768839733890e-05
399 6.72742236783133e-05
400 6.70722574654528e-05
401 6.68709821451862e-05
402 6.66703945492496e-05
403 6.64704915305551e-05
404 6.62712699630083e-05
405 6.60727267413090e-05
406 6.58748587807769e-05
407 6.56776630171797e-05
408 6.54811364065381e-05
409 6.52852759249585e-05
410 6.50900785684448e-05
411 6.48955413527454e-05
412 6.47016613131659e-05
413 6.45084355044098e-05
414 6.43158610003861e-05
415 6.41239348940738e-05
416 6.39326542973495e-05
417 6.37420163408028e-05
418 6.35520181736030e-05
419 6.33626569633209e-05
420 6.31739298957759e-05
421 6.29858341748837e-05
422 6.27983670224917e-05
423 6.26115256782398e-05
424 6.24253073993959e-05
425 6.22397094607119e-05
426 6.20547291542667e-05
427 6.18703637893384e-05
428 6.16866106922306e-05
429 6.15034672061552e-05
430 6.13209306910709e-05
431 6.11389985235528e-05
432 6.09576680966477e-05
433 6.07769368197299e-05
434 6.05968021183728e-05
435 6.04172614342205e-05
436 6.02383122248293e-05
437 6.00599519635568e-05
438 5.98821781394189e-05
439 5.97049882569624e-05
440 5.95283798361366e-05
441 5.93523504121692e-05
442 5.91768975354337e-05
443 5.90020187713119e-05
444 5.88277117001035e-05
445 5.86539739168755e-05
446 5.84808030313414e-05
447 5.83081966677543e-05
448 5.81361524647890e-05
449 5.79646680753992e-05
450 5.77937411667284e-05
451 5.76233694199747e-05
452 5.74535505302992e-05
453 5.72842822066786e-05
454 5.71155621718251e-05
455 5.69473881620607e-05
456 5.67797579271939e-05
457 5.66126692304450e-05
458 5.64461198483048e-05
459 5.62801075704423e-05
460 5.61146301995985e-05
461 5.59496855514780e-05
462 5.57852714546435e-05
463 5.56213857504222e-05
464 5.54580262927930e-05
465 5.52951909482868e-05
466 5.51328775958959e-05
467 5.49710841269600e-05
468 5.48098084450865e-05
469 5.46490484660353e-05
470 5.44888021176331e-05
471 5.43290673396744e-05
472 5.41698420838257e-05
473 5.40111243135364e-05
474 5.38529120039406e-05
475 5.36952031417789e-05
476 5.35379957252781e-05
477 5.33812877640997e-05
478 5.32250772792143e-05
479 5.30693623028426e-05
480 5.29141408783443e-05
481 5.27594110601419e-05
482 5.26051709136568e-05
483 5.24514185151664e-05
484 5.22981519517854e-05
485 5.21453693213364e-05
486 5.19930687322888e-05
487 5.18412483036657e-05
488 5.16899061649823e-05
489 5.15390404561329e-05
490 5.13886493273446e-05
491 5.12387309390710e-05
492 5.10892834619339e-05
493 5.09403050766336e-05
494 5.07917939738858e-05
495 5.06437483543173e-05
496 5.04961664284351e-05
497 5.03490464165042e-05
498 5.02023865485048e-05
499 5.00561850640487e-05
500 4.99104402123106e-05
501 4.97651502519415e-05
502 4.96203134510260e-05
503 4.94759280869821e-05
504 4.93319924465054e-05
505 4.91885048255020e-05
506 4.90454635290129e-05
507 4.89028668711480e-05
508 4.87607131750184e-05
509 4.86190007726752e-05
510 4.84777280050327e-05
511 4.83368932218119e-05
512 4.81964947814625e-05
513 4.80565310511206e-05
514 4.79170004065251e-05
515 4.77779012319579e-05
516 4.76392319201910e-05
517 4.75009908724128e-05
518 4.73631764981707e-05
519 4.72257872153134e-05
520 4.70888214499198e-05
521 4.69522776362532e-05
522 4.68161542166956e-05
523 4.66804496416851e-05
524 4.65451623696577e-05
525 4.64102908669943e-05
526 4.62758336079636e-05
527 4.61417890746568e-05
528 4.60081557569406e-05
529 4.58749321524034e-05
530 4.57421167662882e-05
531 4.56097081114289e-05
532 4.54777047082397e-05
533 4.53461050846115e-05
534 4.52149077758833e-05
535 4.50841113247898e-05
536 4.49537142813975e-05
537 4.48237152030554e-05
538 4.46941126543671e-05
539 4.45649052070971e-05
540 4.44360914401514e-05
541 4.43076699395168e-05
542 4.41796392982106e-05
543 4.40519981162433e-05
544 4.39247450005439e-05
545 4.37978785649341e-05
546 4.36713974300828e-05
547 4.35453002234317e-05
548 4.34195855791709e-05
549 4.32942521381863e-05
550 4.31692985480187e-05
551 4.30447234627987e-05
552 4.29205255432283e-05
553 4.27967034565034e-05
554 4.26732558763096e-05
555 4.25501814827389e-05
556 4.24274789622577e-05
557 4.23051470076813e-05
558 4.21831843181069e-05
559 4.20615895988827e-05
560 4.19403615615590e-05
561 4.18194989238488e-05
562 4.16990004095906e-05
563 4.15788647487065e-05
564 4.14590906771325e-05
565 4.13396769368396e-05
566 4.12206222757270e-05
567 4.11019254476157e-05
568 4.09835852122115e-05
569 4.08656003350518e-05
570 4.07479695874760e-05
571 4.06306917465781e-05
572 4.05137655951698e-05
573 4.03971899217637e-05
574 4.02809635204900e-05
575 4.01650851911066e-05
576 4.00495537389300e-05
577 3.99343679748232e-05
578 3.98195267151253e-05
579 3.97050287816555e-05
580 3.95908730016430e-05
581 3.94770582077155e-05
582 3.93635832378387e-05
583 3.92504469353158e-05
584 3.91376481487207e-05
585 3.90251857318751e-05
586 3.89130585438181e-05
587 3.88012654487744e-05
588 3.86898053161012e-05
589 3.85786770202824e-05
590 3.84678794408748e-05
591 3.83574114624878e-05
592 3.82472719747323e-05
593 3.81374598722178e-05
594 3.80279740544976e-05
595 3.79188134260388e-05
596 3.78099768961959e-05
597 3.77014633791895e-05
598 3.75932717940541e-05
599 3.74854010646197e-05
600 3.73778501194778e-05
601 3.72706178919648e-05
602 3.71637033200978e-05
603 3.70571053465951e-05
604 3.69508229187935e-05
605 3.68448549886573e-05
606 3.67392005127381e-05
607 3.66338584521269e-05
608 3.65288277724688e-05
609 3.64241074438813e-05
610 3.63196964409756e-05
611 3.62155937427933e-05
612 3.61117983327929e-05
613 3.60083091988314e-05
614 3.59051253331177e-05
615 3.58022457321880e-05
616 3.56996693968955e-05
617 3.55973953323820e-05
618 3.54954225480274e-05
619 3.53937500574522e-05
620 3.52923768784636e-05
621 3.51913020330654e-05
622 3.50905245473921e-05
623 3.49900434517265e-05
624 3.48898577804317e-05
625 3.47899665719491e-05
626 3.46903688687805e-05
627 3.45910637174508e-05
628 3.44920501684843e-05
629 3.43933272763799e-05
630 3.42948940995968e-05
631 3.41967497005186e-05
632 3.40988931454453e-05
633 3.40013235045346e-05
634 3.39040398518405e-05
635 3.38070412652263e-05
636 3.37103268263801e-05
637 3.36138956207767e-05
638 3.35177467376587e-05
639 3.34218792700246e-05
640 3.33262923145891e-05
641 3.32309849717624e-05
642 3.31359563456476e-05
643 3.30412055440036e-05
644 3.29467316782225e-05
645 3.28525338633145e-05
646 3.27586112178856e-05
647 3.26649628641118e-05
648 3.25715879277242e-05
649 3.24784855379914e-05
650 3.23856548276863e-05
651 3.22930949330752e-05
652 3.22008049938983e-05
653 3.21087841533416e-05
654 3.20170315580291e-05
655 3.19255463579961e-05
656 3.18343277066662e-05
657 3.17433747608309e-05
658 3.16526866806440e-05
659 3.15622626295961e-05
660 3.14721017744804e-05
661 3.13822032853979e-05
662 3.12925663357192e-05
663 3.12031901020830e-05
664 3.11140737643626e-05
665 3.10252165056554e-05
666 3.09366175122601e-05
667 3.08482759736662e-05
668 3.07601910825252e-05
669 3.06723620346527e-05
670 3.05847880289839e-05
671 3.04974682675728e-05
672 3.04104019555823e-05
673 3.03235883012342e-05
674 3.02370265158434e-05
675 3.01507158137469e-05
676 3.00646554123241e-05
677 2.99788445319669e-05
678 2.98932823960615e-05
679 2.98079682309798e-05
680 2.97229012660502e-05
681 2.96380807335570e-05
682 2.95535058687125e-05
683 2.94691759096453e-05
684 2.93850900973867e-05
685 2.93012476758494e-05
686 2.92176478918195e-05
687 2.91342899949230e-05
688 2.90511732376483e-05
689 2.89682968752832e-05
690 2.88856601659344e-05
691 2.88032623704985e-05
692 2.87211027526555e-05
693 2.86391805788372e-05
694 2.85574951182353e-05
695 2.84760456427571e-05
696 2.83948314270547e-05
697 2.83138517484614e-05
698 2.82331058870139e-05
699 2.81525931254235e-05
700 2.80723127490571e-05
701 2.79922640459369e-05
702 2.79124463067136e-05
703 2.78328588246623e-05
704 2.77535008956618e-05
705 2.76743718181898e-05
706 2.75954708932925e-05
707 2.75167974245943e-05
708 2.74383507182645e-05
709 2.73601300830147e-05
710 2.72821348300828e-05
711 2.72043642732259e-05
712 2.71268177286914e-05
713 2.70494945152194e-05
714 2.69723939540289e-05
715 2.68955153687905e-05
716 2.68188580856422e-05
717 2.67424214331405e-05
718 2.66662047422813e-05
719 2.65902073464642e-05
720 2.65144285814958e-05
721 2.64388677855649e-05
722 2.63635242992409e-05
723 2.62883974654629e-05
724 2.62134866295017e-05
725 2.61387911390002e-05
726 2.60643103439023e-05
727 2.59900435964857e-05
728 2.59159902513290e-05
729 2.58421496653045e-05
730 2.57685211975690e-05
731 2.56951042095531e-05
732 2.56218980649427e-05
733 2.55489021296796e-05
734 2.54761157719394e-05
735 2.54035383621225e-05
736 2.53311692728543e-05
737 2.52590078789598e-05
738 2.51870535574599e-05
739 2.51153056875615e-05
740 2.50437636506501e-05
741 2.49724268302567e-05
742 2.49012946120800e-05
743 2.48303663839633e-05
744 2.47596415358660e-05
745 2.46891194598897e-05
746 2.46187995502270e-05
747 2.45486812031911e-05
748 2.44787638171686e-05
749 2.44090467926397e-05
750 2.43395295321507e-05
751 2.42702114403140e-05
752 2.42010919237871e-05
753 2.41321703912738e-05
754 2.40634462535122e-05
755 2.39949189232561e-05
756 2.39265878152819e-05
757 2.38584523463654e-05
758 2.37905119352680e-05
759 2.37227660027541e-05
760 2.36552139715572e-05
761 2.35878552663611e-05
762 2.35206893138396e-05
763 2.34537155425802e-05
764 2.33869333831343e-05
765 2.33203422679772e-05
766 2.32539416314976e-05
767 2.31877309100103e-05
768 2.31217095417228e-05
769 2.30558769667453e-05
770 2.29902326270664e-05
771 2.29247759665619e-05
772 2.28595064309750e-05
773 2.27944234679043e-05
774 2.27295265268020e-05
775 2.26648150589695e-05
776 2.26002885175440e-05
777 2.25359463574837e-05
778 2.24717880355639e-05
779 2.24078130103842e-05
780 2.23440207423353e-05
781 2.22804106936074e-05
782 2.22169823281750e-05
783 2.21537351117983e-05
784 2.20906685119978e-05
785 2.20277819980676e-05
786 2.19650750410473e-05
787 2.19025471137266e-05
788 2.18401976906452e-05
789 2.17780262480596e-05
790 2.17160322639584e-05
791 2.16542152180477e-05
792 2.15925745917461e-05
793 2.15311098681648e-05
794 2.14698205321118e-05
795 2.14087060700928e-05
796 2.13477659702815e-05
797 2.12869997225252e-05
798 2.12264068183458e-05
799 2.11659867509117e-05
800 2.11057390150471e-05
801 2.10456631072226e-05
802 2.09857585255409e-05
803 2.09260247697391e-05
804 2.08664613411746e-05
805 2.08070677428172e-05
806 2.07478434792497e-05
807 2.06887880566610e-05
808 2.06299009828261e-05
809 2.05711817671152e-05
810 2.05126299204767e-05
811 2.04542449554364e-05
812 2.03960263860892e-05
813 2.03379737280888e-05
814 2.02800864986417e-05
815 2.02223642165188e-05
816 2.01648064020100e-05
817 2.01074125769596e-05
818 2.00501822647340e-05
819 1.99931149902269e-05
820 1.99362102798421e-05
821 1.98794676614941e-05
822 1.98228866646129e-05
823 1.97664668201091e-05
824 1.97102076604099e-05
825 1.96541087193959e-05
826 1.95981695324606e-05
827 1.95423896364439e-05
828 1.94867685696744e-05
829 1.94313058719249e-05
830 1.93760010844375e-05
831 1.93208537498935e-05
832 1.92658634124282e-05
833 1.92110296176079e-05
834 1.91563519124310e-05
835 1.91018298453255e-05
836 1.90474629661410e-05
837 1.89932508261382e-05
838 1.89391929779931e-05
839 1.88852889757720e-05
840 1.88315383749604e-05
841 1.87779407324168e-05
842 1.87244956063924e-05
843 1.86712025565303e-05
844 1.86180611438356e-05
845 1.85650709306922e-05
846 1.85122314808413e-05
847 1.84595423593931e-05
848 1.84070031328051e-05
849 1.83546133688921e-05
850 1.83023726367964e-05
851 1.82502805070198e-05
852 1.81983365513863e-05
853 1.81465403430410e-05
854 1.80948914564651e-05
855 1.80433894674500e-05
856 1.79920339531044e-05
857 1.79408244918367e-05
858 1.78897606633616e-05
859 1.78388420487004e-05
860 1.77880682301488e-05
861 1.77374387913084e-05
862 1.76869533170503e-05
863 1.76366113935265e-05
864 1.75864126081635e-05
865 1.75363565496525e-05
866 1.74864428079562e-05
867 1.74366709742838e-05
868 1.73870406411058e-05
869 1.73375514021356e-05
870 1.72882028523354e-05
871 1.72389945879036e-05
872 1.71899262062757e-05
873 1.71409973061159e-05
874 1.70922074873107e-05
875 1.70435563509728e-05
876 1.69950434994268e-05
877 1.69466685362079e-05
878 1.68984310660631e-05
879 1.68503306949376e-05
880 1.68023670299727e-05
881 1.67545396795104e-05
882 1.67068482530762e-05
883 1.66592923613838e-05
884 1.66118716163227e-05
885 1.65645856309636e-05
886 1.65174340195406e-05
887 1.64704163974656e-05
888 1.64235323813098e-05
889 1.63767815887922e-05
890 1.63301636388083e-05
891 1.62836781513822e-05
892 1.62373247476916e-05
893 1.61911030500660e-05
894 1.61450126819594e-05
895 1.60990532679618e-05
896 1.60532244338001e-05
897 1.60075258063184e-05
898 1.59619570134820e-05
899 1.59165176843835e-05
900 1.58712074492135e-05
901 1.58260259392851e-05
902 1.57809727870134e-05
903 1.57360476259067e-05
904 1.56912500905802e-05
905 1.56465798167371e-05
906 1.56020364411786e-05
907 1.55576196017763e-05
908 1.55133289374922e-05
909 1.54691640883705e-05
910 1.54251246955244e-05
911 1.53812104011332e-05
912 1.53374208484530e-05
913 1.52937556817898e-05
914 1.52502145465224e-05
915 1.52067970890767e-05
916 1.51635029569265e-05
917 1.51203317986042e-05
918 1.50772832636734e-05
919 1.50343570027528e-05
920 1.49915526674815e-05
921 1.49488699105496e-05
922 1.49063083856540e-05
923 1.48638677475461e-05
924 1.48215476519733e-05
925 1.47793477557205e-05
926 1.47372677165784e-05
927 1.46953071933514e-05
928 1.46534658458477e-05
929 1.46117433348946e-05
930 1.45701393223043e-05
931 1.45286534708997e-05
932 1.44872854444871e-05
933 1.44460349078709e-05
934 1.44049015268452e-05
935 1.43638849681802e-05
936 1.43229848996319e-05
937 1.42822009899366e-05
938 1.42415329087981e-05
939 1.42009803268999e-05
940 1.41605429158843e-05
941 1.41202203483598e-05
942 1.40800122979110e-05
943 1.40399184390464e-05
944 1.39999384472689e-05
945 1.39600719990026e-05
946 1.39203187716368e-05
947 1.38806784434969e-05
948 1.38411506938526e-05
949 1.38017352029193e-05
950 1.37624316518323e-05
951 1.37232397226729e-05
952 1.36841590984462e-05
953 1.36451894630874e-05
954 1.36063305014475e-05
955 1.35675818993067e-05
956 1.35289433433515e-05
957 1.34904145211888e-05
958 1.34519951213367e-05
959 1.34136848332186e-05
960 1.33754833471691e-05
961 1.33373903544092e-05
962 1.32994055470733e-05
963 1.32615286181864e-05
964 1.32237592616696e-05
965 1.31860971723343e-05
966 1.31485420458719e-05
967 1.31110935788556e-05
968 1.30737514687566e-05
969 1.30365154139078e-05
970 1.29993851135251e-05
971 1.29623602676966e-05
972 1.29254405773830e-05
973 1.28886257443977e-05
974 1.28519154714407e-05
975 1.28153094620541e-05
976 1.27788074206455e-05
977 1.27424090524841e-05
978 1.27061140636790e-05
979 1.26699221611977e-05
980 1.26338330528597e-05
981 1.25978464473233e-05
982 1.25619620540798e-05
983 1.25261795834785e-05
984 1.24904987466964e-05
985 1.24549192557327e-05
986 1.24194408234406e-05
987 1.23840631634839e-05
988 1.23487859903585e-05
989 1.23136090193870e-05
990 1.22785319667056e-05
991 1.22435545492749e-05
992 1.22086764848630e-05
993 1.21738974920607e-05
994 1.21392172902608e-05
995 1.21046355996625e-05
996 1.20701521412840e-05
997 1.20357666369288e-05
998 1.20014788092128e-05
999 1.19672883815390e-05
1000 1.19331950781127e-05
1001 1.18991986239246e-05
1002 1.18652987447731e-05
1003 1.18314951672174e-05
1004 1.17977876186259e-05
1005 1.17641758271279e-05
1006 1.17306595216456e-05
1007 1.16972384318860e-05
1008 1.16639122883083e-05
1009 1.16306808221681e-05
1010 1.15975437654718e-05
1011 1.15645008510131e-05
1012 1.15315518123305e-05
1013 1.14986963837435e-05
1014 1.14659343003175e-05
1015 1.14332652978876e-05
1016 1.14006891130417e-05
1017 1.13682054831135e-05
1018 1.13358141461972e-05
1019 1.13035148411361e-05
1020 1.12713073075125e-05
1021 1.12391912856610e-05
1022 1.12071665166509e-05
1023 1.11752327422940e-05
1024 1.11433897051461e-05
1025 1.11116371484852e-05
1026 1.10799748163346e-05
1027 1.10484024534415e-05
1028 1.10169198052800e-05
1029 1.09855266180546e-05
1030 1.09542226386926e-05
1031 1.09230076148409e-05
1032 1.08918812948692e-05
1033 1.08608434278593e-05
1034 1.08298937636127e-05
1035 1.07990320526418e-05
1036 1.07682580461719e-05
1037 1.07375714961341e-05
1038 1.07069721551596e-05
1039 1.06764597766022e-05
1040 1.06460341145019e-05
1041 1.06156949235967e-05
1042 1.05854419593368e-05
1043 1.05552749778543e-05
1044 1.05251937359824e-05
1045 1.04951979912438e-05
1046 1.04652875018495e-05
1047 1.04354620267008e-05
1048 1.04057213253752e-05
1049 1.03760651581440e-05
1050 1.03464932859612e-05
1051 1.03170054704480e-05
1052 1.02876014739016e-05
1053 1.02582810593110e-05
1054 1.02290439903304e-05
1055 1.01998900312712e-05
1056 1.01708189471283e-05
1057 1.01418305035660e-05
1058 1.01129244668972e-05
1059 1.00841006041200e-05
1060 1.00553586828665e-05
1061 1.00266984714506e-05
1062 9.99811973883667e-06
1063 9.96962225463138e-06
1064 9.94120578911218e-06
1065 9.91287011319943e-06
1066 9.88461499846200e-06
1067 9.85644021711111e-06
1068 9.82834554201126e-06
1069 9.80033074667337e-06
1070 9.77239560524196e-06
1071 9.74453989249370e-06
1072 9.71676338386375e-06
1073 9.68906585540517e-06
1074 9.66144708380853e-06
1075 9.63390684640099e-06
1076 9.60644492113760e-06
1077 9.57906108659718e-06
1078 9.55175512199264e-06
1079 9.52452680715623e-06
1080 9.49737592253858e-06
1081 9.47030224922003e-06
1082 9.44330556889416e-06
1083 9.41638566387559e-06
1084 9.38954231708780e-06
1085 9.36277531207093e-06
1086 9.33608443298070e-06
1087 9.30946946457616e-06
1088 9.28293019222669e-06
1089 9.25646640191285e-06
1090 9.23007788020950e-06
1091 9.20376441430120e-06
1092 9.17752579197612e-06
1093 9.15136180160951e-06
1094 9.12527223218939e-06
1095 9.09925687328510e-06
1096 9.07331551507079e-06
1097 9.04744794830629e-06
1098 9.02165396434503e-06
1099 8.99593335512453e-06
1100 8.97028591317822e-06
1101 8.94471143161386e-06
1102 8.91920970412882e-06
1103 8.89378052500305e-06
1104 8.86842368909421e-06
1105 8.84313899184024e-06
1106 8.81792622925069e-06
1107 8.79278519791367e-06
1108 8.76771569499609e-06
1109 8.74271751823183e-06
1110 8.71779046591542e-06
1111 8.69293433692910e-06
1112 8.66814893070128e-06
1113 8.64343404724940e-06
1114 8.61878948712393e-06
1115 8.59421505146456e-06
1116 8.56971054195997e-06
1117 8.54527576085333e-06
1118 8.52091051095055e-06
1119 8.49661459561459e-06
1120 8.47238781875527e-06
1121 8.44822998483806e-06
1122 8.42414089888060e-06
1123 8.40012036644917e-06
1124 8.37616819365275e-06
1125 8.35228418715071e-06
1126 8.32846815414748e-06
1127 8.30471990238532e-06
1128 8.28103924015442e-06
1129 8.25742597627285e-06
1130 8.23387992010789e-06
1131 8.21040088156026e-06
1132 8.18698867106314e-06
1133 8.16364309958545e-06
1134 8.14036397862778e-06
1135 8.11715112021238e-06
1136 8.09400433691362e-06
1137 8.07092344179714e-06
1138 8.04790824849019e-06
1139 8.02495857112269e-06
1140 8.00207422435133e-06
1141 7.97925502335697e-06
1142 7.95650078383574e-06
1143 7.93381132201159e-06
1144 7.91118645461341e-06
1145 7.88862599889392e-06
1146 7.86612977261337e-06
1147 7.84369759404492e-06
1148 7.82132928197874e-06
1149 7.79902465570873e-06
1150 7.77678353503598e-06
1151 7.75460574027410e-06
1152 7.73249109223673e-06
1153 7.71043941224042e-06
1154 7.68845052210423e-06
1155 7.66652424415393e-06
1156 7.64466040120692e-06
1157 7.62285881658198e-06
1158 7.60111931409014e-06
1159 7.57944171804901e-06
1160 7.55782585325309e-06
1161 7.53627154500419e-06
1162 7.51477861908331e-06
1163 7.49334690177032e-06
1164 7.47197621982928e-06
1165 7.45066640050733e-06
1166 7.42941727153663e-06
1167 7.40822866114204e-06
1168 7.38710039802304e-06
1169 7.36603231136612e-06
1170 7.34502423083004e-06
1171 7.32407598655315e-06
1172 7.30318740915859e-06
1173 7.28235832973528e-06
1174 7.26158857985839e-06
1175 7.24087799156305e-06
1176 7.22022639736495e-06
1177 7.19963363024171e-06
1178 7.17909952365165e-06
1179 7.15862391150912e-06
1180 7.13820662820241e-06
1181 7.11784750858035e-06
1182 7.09754638795926e-06
1183 7.07730310212155e-06
1184 7.05711748729390e-06
1185 7.03698938018272e-06
1186 7.01691861794119e-06
1187 6.99690503818105e-06
1188 6.97694847897247e-06
1189 6.95704877883933e-06
1190 6.93720577676037e-06
1191 6.91741931216684e-06
1192 6.89768922492989e-06
1193 6.87801535538555e-06
1194 6.85839754431066e-06
1195 6.83883563293116e-06
1196 6.81932946291600e-06
1197 6.79987887637550e-06
1198 6.78048371587467e-06
1199 6.76114382441053e-06
1200 6.74185904542283e-06
1201 6.72262922278805e-06
1202 6.70345420083262e-06
1203 6.68433382430446e-06
1204 6.66526793839918e-06
1205 6.64625638874000e-06
1206 6.62729902138593e-06
1207 6.60839568282816e-06
1208 6.58954621998661e-06
1209 6.57075048021822e-06
1210 6.55200831129453e-06
1211 6.53331956142892e-06
1212 6.51468407925340e-06
1213 6.49610171382393e-06
1214 6.47757231461884e-06
1215 6.45909573155473e-06
1216 6.44067181494306e-06
1217 6.42230041554159e-06
1218 6.40398138450443e-06
1219 6.38571457341701e-06
1220 6.36749983427825e-06
1221 6.34933701950424e-06
1222 6.33122598192645e-06
1223 6.31316657477646e-06
1224 6.29515865171508e-06
1225 6.27720206680650e-06
1226 6.25929667452562e-06
1227 6.24144232974975e-06
1228 6.22363888777265e-06
1229 6.20588620428636e-06
1230 6.18818413539465e-06
1231 6.17053253760498e-06
1232 6.15293126781960e-06
1233 6.13538018335060e-06
1234 6.11787914191011e-06
1235 6.10042800160308e-06
1236 6.08302662093938e-06
1237 6.06567485882342e-06
1238 6.04837257455578e-06
1239 6.03111962783499e-06
1240 6.01391587874929e-06
1241 5.99676118777895e-06
1242 5.97965541579921e-06
1243 5.96259842407550e-06
1244 5.94559007426292e-06
1245 5.92863022840274e-06
1246 5.91171874892649e-06
1247 5.89485549865104e-06
1248 5.87804034077169e-06
1249 5.86127313888300e-06
1250 5.84455375694773e-06
1251 5.82788205931780e-06
1252 5.81125791072372e-06
1253 5.79468117627620e-06
1254 5.77815172146702e-06
1255 5.76166941216155e-06
1256 5.74523411460564e-06
1257 5.72884569542243e-06
1258 5.71250402159801e-06
1259 5.69620896050393e-06
1260 5.67996037988329e-06
1261 5.66375814784613e-06
1262 5.64760213287527e-06
1263 5.63149220381832e-06
1264 5.61542822989792e-06
1265 5.59941008070375e-06
1266 5.58343762618422e-06
1267 5.56751073666262e-06
1268 5.55162928281696e-06
1269 5.53579313569504e-06
1270 5.52000216671099e-06
1271 5.50425624762411e-06
1272 5.48855525057006e-06
1273 5.47289904803959e-06
1274 5.45728751287367e-06
1275 5.44172051828138e-06
1276 5.42619793782383e-06
1277 5.41071964541206e-06
1278 5.39528551532144e-06
1279 5.37989542216968e-06
1280 5.36454924093623e-06
1281 5.34924684694339e-06
1282 5.33398811587229e-06
1283 5.31877292374885e-06
1284 5.30360114694595e-06
1285 5.28847266218831e-06
1286 5.27338734654030e-06
1287 5.25834507742227e-06
1288 5.24334573258229e-06
1289 5.22838919013514e-06
1290 5.21347532851281e-06
1291 5.19860402650871e-06
1292 5.18377516324896e-06
1293 5.16898861819763e-06
1294 5.15424427116455e-06
1295 5.13954200228688e-06
1296 5.12488169204911e-06
1297 5.11026322126522e-06
1298 5.09568647108552e-06
1299 5.08115132299714e-06
1300 5.06665765881912e-06
1301 5.05220536070061e-06
1302 5.03779431112316e-06
1303 5.02342439289643e-06
1304 5.00909548917024e-06
1305 4.99480748340650e-06
1306 4.98056025940403e-06
1307 4.96635370129296e-06
1308 4.95218769352096e-06
1309 4.93806212086743e-06
1310 4.92397686842088e-06
1311 4.90993182161496e-06
1312 4.89592686618683e-06
1313 4.88196188820715e-06
1314 4.86803677406465e-06
1315 4.85415141046575e-06
1316 4.84030568442877e-06
1317 4.82649948329870e-06
1318 4.81273269473781e-06
1319 4.79900520672052e-06
1320 4.78531690753823e-06
1321 4.77166768579273e-06
1322 4.75805743040488e-06
1323 4.74448603060910e-06
1324 4.73095337594107e-06
1325 4.71745935625855e-06
1326 4.70400386172457e-06
1327 4.69058678281006e-06
1328 4.67720801029808e-06
1329 4.66386743527281e-06
1330 4.65056494913113e-06
1331 4.63730044357038e-06
1332 4.62407381060226e-06
1333 4.61088494252911e-06
1334 4.59773373195853e-06
1335 4.58462007181873e-06
1336 4.57154385531982e-06
1337 4.55850497596733e-06
1338 4.54550332759136e-06
1339 4.53253880430082e-06
1340 4.51961130050348e-06
1341 4.50672071092123e-06
1342 4.49386693055340e-06
1343 4.48104985470284e-06
1344 4.46826937897079e-06
1345 4.45552539923984e-06
1346 4.44281781170500e-06
1347 4.43014651283478e-06
1348 4.41751139939716e-06
1349 4.40491236846119e-06
1350 4.39234931736443e-06
1351 4.37982214374787e-06
1352 4.36733074554102e-06
1353 4.35487502095621e-06
1354 4.34245486848967e-06
1355 4.33007018693544e-06
1356 4.31772087535986e-06
1357 4.30540683312210e-06
1358 4.29312795985479e-06
1359 4.28088415548833e-06
1360 4.26867532022245e-06
1361 4.25650135454257e-06
1362 4.24436215921918e-06
1363 4.23225763529532e-06
1364 4.22018768409068e-06
1365 4.20815220721299e-06
1366 4.19615110653701e-06
1367 4.18418428422301e-06
1368 4.17225164270362e-06
1369 4.16035308468249e-06
1370 4.14848851314749e-06
1371 4.13665783134138e-06
1372 4.12486094280213e-06
1373 4.11309775132581e-06
1374 4.10136816098238e-06
1375 4.08967207611624e-06
1376 4.07800940133438e-06
1377 4.06638004151927e-06
1378 4.05478390181324e-06
1379 4.04322088763765e-06
1380 4.03169090467300e-06
1381 4.02019385886742e-06
1382 4.00872965643801e-06
1383 3.99729820385553e-06
1384 3.98589940786521e-06
1385 3.97453317547241e-06
1386 3.96319941394492e-06
1387 3.95189803080913e-06
1388 3.94062893385513e-06
1389 3.92939203113485e-06
1390 3.91818723095001e-06
1391 3.90701444188114e-06
1392 3.89587357274163e-06
1393 3.88476453262309e-06
1394 3.87368723085486e-06
1395 3.86264157704473e-06
1396 3.85162748103327e-06
1397 3.84064485293174e-06
1398 3.82969360309692e-06
1399 3.81877364213505e-06
1400 3.80788488092038e-06
1401 3.79702723055939e-06
1402 3.78620060242273e-06
1403 3.77540490812207e-06
1404 3.76464005952964e-06
1405 3.75390596875858e-06
1406 3.74320254816968e-06
1407 3.73252971037730e-06
1408 3.72188736823402e-06
1409 3.71127543484319e-06
1410 3.70069382355726e-06
1411 3.69014244796638e-06
1412 3.67962122190888e-06
1413 3.66913005946855e-06
1414 3.65866887496009e-06
1415 3.64823758295522e-06
1416 3.63783609825882e-06
1417 3.62746433591899e-06
1418 3.61712221121955e-06
1419 3.60680963969733e-06
1420 3.59652653710341e-06
1421 3.58627281944775e-06
1422 3.57604840296731e-06
1423 3.56585320414867e-06
1424 3.55568713969404e-06
1425 3.54555012655640e-06
1426 3.53544208191532e-06
1427 3.52536292319218e-06
1428 3.51531256803424e-06
1429 3.50529093432891e-06
1430 3.49529794018657e-06
1431 3.48533350395675e-06
1432 3.47539754421680e-06
1433 3.46548997977232e-06
1434 3.45561072965912e-06
1435 3.44575971314745e-06
1436 3.43593684972749e-06
1437 3.42614205912955e-06
1438 3.41637526129280e-06
1439 3.40663637639654e-06
1440 3.39692532483756e-06
1441 3.38724202724609e-06
1442 3.37758640447274e-06
1443 3.36795837758549e-06
1444 3.35835786789150e-06
1445 3.34878479690601e-06
1446 3.33923908636635e-06
1447 3.32972065824290e-06
1448 3.32022943471480e-06
1449 3.31076533818654e-06
1450 3.30132829128754e-06
1451 3.29191821685340e-06
1452 3.28253503794794e-06
1453 3.27317867784758e-06
1454 3.26384906005130e-06
1455 3.25454610826856e-06
1456 3.24526974642786e-06
1457 3.23601989866910e-06
1458 3.22679648935748e-06
1459 3.21759944305942e-06
1460 3.20842868455976e-06
1461 3.19928413885698e-06
1462 3.19016573116205e-06
1463 3.18107338689985e-06
1464 3.17200703170313e-06
1465 3.16296659140807e-06
1466 3.15395199207703e-06
1467 3.14496315997156e-06
1468 3.13600002155722e-06
1469 3.12706250351763e-06
1470 3.11815053274376e-06
1471 3.10926403632805e-06
1472 3.10040294157214e-06
1473 3.09156717597323e-06
1474 3.08275666725950e-06
1475 3.07397134333538e-06
1476 3.06521113232742e-06
1477 3.05647596256287e-06
1478 3.04776576256067e-06
1479 3.03908046105166e-06
1480 3.03041998697457e-06
1481 3.02178426945754e-06
1482 3.01317323784073e-06
1483 3.00458682165011e-06
1484 2.99602495062024e-06
1485 2.98748755468756e-06
1486 2.97897456398526e-06
1487 2.97048590883427e-06
1488 2.96202151977091e-06
1489 2.95358132750932e-06
1490 2.94516526297954e-06
1491 2.93677325728782e-06
1492 2.92840524175152e-06
1493 2.92006114787294e-06
1494 2.91174090734867e-06
1495 2.90344445208073e-06
1496 2.89517171414764e-06
1497 2.88692262583171e-06
1498 2.87869711960344e-06
1499 2.87049512812081e-06
1500 2.86231658424377e-06
1501 2.85416142101351e-06
1502 2.84602957165987e-06
1503 2.83792096960650e-06
1504 2.82983554846982e-06
1505 2.82177324204114e-06
1506 2.81373398431555e-06
1507 2.80571770946709e-06
1508 2.79772435184985e-06
1509 2.78975384601804e-06
1510 2.78180612670299e-06
1511 2.77388112882439e-06
1512 2.76597878747948e-06
1513 2.75809903795748e-06
1514 2.75024181573409e-06
1515 2.74240705645464e-06
1516 2.73459469596370e-06
1517 2.72680467027197e-06
1518 2.71903691558355e-06
1519 2.71129136827521e-06
1520 2.70356796490815e-06
1521 2.69586664223404e-06
1522 2.68818733715427e-06
1523 2.68052998678743e-06
1524 2.67289452840009e-06
1525 2.66528089945363e-06
1526 2.65768903757820e-06
1527 2.65011888058398e-06
1528 2.64257036646615e-06
1529 2.63504343337695e-06
1530 2.62753801966223e-06
1531 2.62005406383333e-06
1532 2.61259150458176e-06
1533 2.60515028076412e-06
1534 2.59773033142237e-06
1535 2.59033159576082e-06
1536 2.58295401316324e-06
1537 2.57559752318130e-06
1538 2.56826206554721e-06
1539 2.56094758014725e-06
1540 2.55365400705909e-06
1541 2.54638128650954e-06
1542 2.53912935891380e-06
1543 2.53189816484874e-06
1544 2.52468764505367e-06
1545 2.51749774044245e-06
1546 2.51032839210595e-06
1547 2.50317954127928e-06
1548 2.49605112938677e-06
1549 2.48894309800960e-06
1550 2.48185538889425e-06
1551 2.47478794395533e-06
1552 2.46774070527078e-06
1553 2.46071361508179e-06
1554 2.45370661579710e-06
1555 2.44671964998899e-06
1556 2.43975266038549e-06
1557 2.43280558989300e-06
1558 2.42587838156259e-06
1559 2.41897097862168e-06
1560 2.41208332444297e-06
1561 2.40521536258031e-06
1562 2.39836703673066e-06
1563 2.39153829076081e-06
1564 2.38472906869195e-06
1565 2.37793931470789e-06
1566 2.37116897314367e-06
1567 2.36441798851033e-06
1568 2.35768630545498e-06
1569 2.35097386879216e-06
1570 2.34428062349772e-06
1571 2.33760651470285e-06
1572 2.33095148768154e-06
1573 2.32431548787752e-06
1574 2.31769846088421e-06
1575 2.31110035245362e-06
1576 2.30452110848566e-06
1577 2.29796067504071e-06
1578 2.29141899832960e-06
1579 2.28489602471602e-06
1580 2.27839170071001e-06
1581 2.27190597298653e-06
1582 2.26543878836370e-06
1583 2.25899009381119e-06
1584 2.25255983645674e-06
1585 2.24614796356621e-06
1586 2.23975442256798e-06
1587 2.23337916102841e-06
1588 2.22702212667215e-06
1589 2.22068326736941e-06
1590 2.21436253113789e-06
1591 2.20805986614628e-06
1592 2.20177522070533e-06
1593 2.19550854327366e-06
1594 2.18925978246850e-06
1595 2.18302888703259e-06
1596 2.17681580586946e-06
1597 2.17062048802539e-06
1598 2.16444288269228e-06
1599 2.15828293920262e-06
1600 2.15214060703705e-06
1601 2.14601583581252e-06
1602 2.13990857530202e-06
1603 2.13381877541142e-06
1604 2.12774638619470e-06
1605 2.12169135784332e-06
1606 2.11565364069137e-06
1607 2.10963318522075e-06
1608 2.10362994204751e-06
1609 2.09764386193218e-06
1610 2.09167489577053e-06
1611 2.08572299460251e-06
1612 2.07978810960570e-06
1613 2.07387019209630e-06
1614 2.06796919353407e-06
1615 2.06208506551219e-06
1616 2.05621775976167e-06
1617 2.05036722814876e-06
1618 2.04453342268333e-06
1619 2.03871629550798e-06
1620 2.03291579890244e-06
1621 2.02713188528568e-06
1622 2.02136450720423e-06
1623 2.01561361734140e-06
1624 2.00987916852487e-06
1625 2.00416111370565e-06
1626 1.99845940597728e-06
1627 1.99277399855496e-06
1628 1.98710484480495e-06
1629 1.98145189820852e-06
1630 1.97581511239228e-06
1631 1.97019444110831e-06
1632 1.96458983823907e-06
1633 1.95900125780827e-06
1634 1.95342865395796e-06
1635 1.94787198097331e-06
1636 1.94233119325667e-06
1637 1.93680624535331e-06
1638 1.93129709192537e-06
1639 1.92580368777392e-06
1640 1.92032598782594e-06
1641 1.91486394714000e-06
1642 1.90941752089062e-06
1643 1.90398666439013e-06
1644 1.89857133308674e-06
1645 1.89317148254004e-06
1646 1.88778706843941e-06
1647 1.88241804660331e-06
1648 1.87706437298290e-06
1649 1.87172600363868e-06
1650 1.86640289477748e-06
1651 1.86109500270486e-06
1652 1.85580228387694e-06
1653 1.85052469485780e-06
1654 1.84526219234362e-06
1655 1.84001473314887e-06
1656 1.83478227420947e-06
1657 1.82956477259110e-06
1658 1.82436218547807e-06
1659 1.81917447017824e-06
1660 1.81400158411572e-06
1661 1.80884348484696e-06
1662 1.80370013003830e-06
1663 1.79857147748123e-06
1664 1.79345748509219e-06
1665 1.78835811090053e-06
1666 1.78327331305233e-06
1667 1.77820304983002e-06
1668 1.77314727962062e-06
1669 1.76810596093029e-06
1670 1.76307905238365e-06
1671 1.75806651273316e-06
1672 1.75306830083956e-06
1673 1.74808437568003e-06
1674 1.74311469635587e-06
1675 1.73815922208105e-06
1676 1.73321791219024e-06
1677 1.72829072612003e-06
1678 1.72337762344025e-06
1679 1.71847856382628e-06
1680 1.71359350707273e-06
1681 1.70872241308725e-06
1682 1.70386524189019e-06
1683 1.69902195362141e-06
1684 1.69419250852475e-06
1685 1.68937686696621e-06
1686 1.68457498942846e-06
1687 1.67978683649364e-06
1688 1.67501236886747e-06
1689 1.67025154736168e-06
1690 1.66550433290393e-06
1691 1.66077068653402e-06
1692 1.65605056939321e-06
1693 1.65134394274669e-06
1694 1.64665076796150e-06
1695 1.64197100652463e-06
1696 1.63730462002128e-06
1697 1.63265157015428e-06
1698 1.62801181872872e-06
1699 1.62338532767122e-06
1700 1.61877205899968e-06
1701 1.61417197485681e-06
1702 1.60958503748522e-06
1703 1.60501120923427e-06
1704 1.60045045256338e-06
1705 1.59590273004500e-06
1706 1.59136800434542e-06
1707 1.58684623824979e-06
1708 1.58233739463883e-06
1709 1.57784143650784e-06
1710 1.57335832695995e-06
1711 1.56888802918854e-06
1712 1.56443050650784e-06
1713 1.55998572233168e-06
1714 1.55555364017612e-06
1715 1.55113422366559e-06
1716 1.54672743652443e-06
1717 1.54233324258158e-06
1718 1.53795160577455e-06
1719 1.53358249013024e-06
1720 1.52922585979401e-06
1721 1.52488167900649e-06
1722 1.52054991211346e-06
1723 1.51623052355802e-06
1724 1.51192347788301e-06
1725 1.50762873974249e-06
1726 1.50334627387989e-06
1727 1.49907604514990e-06
1728 1.49481801850164e-06
1729 1.49057215898997e-06
1730 1.48633843175786e-06
1731 1.48211680205745e-06
1732 1.47790723523897e-06
1733 1.47370969675212e-06
1734 1.46952415214254e-06
1735 1.46535056705471e-06
1736 1.46118890723707e-06
1737 1.45703913852359e-06
1738 1.45290122686362e-06
1739 1.44877513828665e-06
1740 1.44466083892716e-06
1741 1.44055829501547e-06
1742 1.43646747288291e-06
1743 1.43238833894709e-06
1744 1.42832085973277e-06
1745 1.42426500184953e-06
1746 1.42022073201607e-06
1747 1.41618801703182e-06
1748 1.41216682379838e-06
1749 1.40815711931268e-06
1750 1.40415887065973e-06
1751 1.40017204502671e-06
1752 1.39619660969467e-06
1753 1.39223253203048e-06
1754 1.38827977949857e-06
1755 1.38433831965902e-06
1756 1.38040812015999e-06
1757 1.37648914874166e-06
1758 1.37258137324441e-06
1759 1.36868476159276e-06
1760 1.36479928180701e-06
1761 1.36092490199370e-06
1762 1.35706159035787e-06
1763 1.35320931519197e-06
1764 1.34936804487449e-06
1765 1.34553774788302e-06
1766 1.34171839278370e-06
1767 1.33790994822161e-06
1768 1.33411238294849e-06
1769 1.33032566579493e-06
1770 1.32654976567831e-06
1771 1.32278465160979e-06
1772 1.31903029269464e-06
1773 1.31528665811670e-06
1774 1.31155371715455e-06
1775 1.30783143916945e-06
1776 1.30411979361084e-06
1777 1.30041875002185e-06
1778 1.29672827802773e-06
1779 1.29304834733735e-06
1780 1.28937892775703e-06
1781 1.28571998916640e-06
1782 1.28207150154313e-06
1783 1.27843343494005e-06
1784 1.27480575950172e-06
1785 1.27118844546254e-06
1786 1.26758146313205e-06
1787 1.26398478291255e-06
1788 1.26039837528294e-06
1789 1.25682221081451e-06
1790 1.25325626016712e-06
1791 1.24970049406386e-06
1792 1.24615488333535e-06
1793 1.24261939888340e-06
1794 1.23909401168964e-06
1795 1.23557869283400e-06
1796 1.23207341346274e-06
1797 1.22857814481381e-06
1798 1.22509285820503e-06
1799 1.22161752503589e-06
1800 1.21815211678811e-06
1801 1.21469660502666e-06
1802 1.21125096139592e-06
1803 1.20781515761874e-06
1804 1.20438916550695e-06
1805 1.20097295694918e-06
1806 1.19756650390622e-06
1807 1.19416977843438e-06
1808 1.19078275266123e-06
1809 1.18740539879120e-06
1810 1.18403768911251e-06
1811 1.18067959599568e-06
1812 1.17733109188353e-06
1813 1.17399214930598e-06
1814 1.17066274086019e-06
1815 1.16734283923604e-06
1816 1.16403241718849e-06
1817 1.16073144755885e-06
1818 1.15743990326333e-06
1819 1.15415775729443e-06
1820 1.15088498272508e-06
1821 1.14762155270235e-06
1822 1.14436744044834e-06
1823 1.14112261927150e-06
1824 1.13788706254548e-06
1825 1.13466074372599e-06
1826 1.13144363634559e-06
1827 1.12823571400930e-06
1828 1.12503695039674e-06
1829 1.12184731926693e-06
1830 1.11866679445490e-06
1831 1.11549534986717e-06
1832 1.11233295948251e-06
1833 1.10917959736045e-06
1834 1.10603523763392e-06
1835 1.10289985449977e-06
1836 1.09977342224481e-06
1837 1.09665591522371e-06
1838 1.09354730785795e-06
1839 1.09044757464485e-06
1840 1.08735669016498e-06
1841 1.08427462905112e-06
1842 1.08120136603180e-06
1843 1.07813687589470e-06
1844 1.07508113350278e-06
1845 1.07203411378673e-06
1846 1.06899579175527e-06
1847 1.06596614248851e-06
1848 1.06294514113642e-06
1849 1.05993276291249e-06
1850 1.05692898311609e-06
1851 1.05393377710579e-06
1852 1.05094712031694e-06
1853 1.04796898824783e-06
1854 1.04499935647793e-06
1855 1.04203820064733e-06
1856 1.03908549647365e-06
1857 1.03614121973196e-06
1858 1.03320534627882e-06
1859 1.03027785204028e-06
1860 1.02735871299708e-06
1861 1.02444790521871e-06
1862 1.02154540482472e-06
1863 1.01865118801504e-06
1864 1.01576523105490e-06
1865 1.01288751027553e-06
1866 1.01001800207817e-06
1867 1.00715668292938e-06
1868 1.00430352936402e-06
1869 1.00145851798767e-06
1870 9.98621625468051e-07
1871 9.95792828544814e-07
1872 9.92972104014501e-07
1873 9.90159428750381e-07
1874 9.87354779691299e-07
1875 9.84558133836831e-07
1876 9.81769468253186e-07
1877 9.78988760078416e-07
1878 9.76215986506846e-07
1879 9.73451124806038e-07
1880 9.70694152306982e-07
1881 9.67945046401029e-07
1882 9.65203784550802e-07
1883 9.62470344279676e-07
1884 9.59744703175284e-07
1885 9.57026838890353e-07
1886 9.54316729147758e-07
1887 9.51614351714761e-07
1888 9.48919684450486e-07
1889 9.46232705253520e-07
1890 9.43553392099170e-07
1891 9.40881723025389e-07
1892 9.38217676119968e-07
1893 9.35561229548608e-07
1894 9.32912361537112e-07
1895 9.30271050366186e-07
1896 9.27637274386607e-07
1897 9.25011012003543e-07
1898 9.22392241692907e-07
1899 9.19780941984940e-07
1900 9.17177091477164e-07
1901 9.14580668821165e-07
1902 9.11991652743894e-07
1903 9.09410022014165e-07
1904 9.06835755476265e-07
1905 9.04268832023138e-07
1906 9.01709230626491e-07
1907 8.99156930299796e-07
1908 8.96611910121883e-07
1909 8.94074149237886e-07
1910 8.91543626845539e-07
1911 8.89020322208749e-07
1912 8.86504214646867e-07
1913 8.83995283536903e-07
1914 8.81493508317307e-07
1915 8.78998868486297e-07
1916 8.76511343598283e-07
1917 8.74030913270505e-07
1918 8.71557557174221e-07
1919 8.69091255039518e-07
1920 8.66631986659429e-07
1921 8.64179731877742e-07
1922 8.61734470604170e-07
1923 8.59296182793880e-07
1924 8.56864848476376e-07
1925 8.54440447722472e-07
1926 8.52022960671512e-07
1927 8.49612367511980e-07
1928 8.47208648492217e-07
1929 8.44811783923830e-07
1930 8.42421754157588e-07
1931 8.40038539619433e-07
1932 8.37662120783480e-07
1933 8.35292478174964e-07
1934 8.32929592383432e-07
1935 8.30573444051997e-07
1936 8.28224013876276e-07
1937 8.25881282607706e-07
1938 8.23545231055129e-07
1939 8.21215840080210e-07
1940 8.18893090602818e-07
1941 8.16576963593558e-07
1942 8.14267440079400e-07
1943 8.11964501145864e-07
1944 8.09668127921491e-07
1945 8.07378301603926e-07
1946 8.05095003430700e-07
1947 8.02818214703843e-07
1948 8.00547916772229e-07
1949 7.98284091041883e-07
1950 7.96026718970461e-07
1951 7.93775782070560e-07
1952 7.91531261903246e-07
1953 7.89293140086799e-07
1954 7.87061398292127e-07
1955 7.84836018246349e-07
1956 7.82616981712565e-07
1957 7.80404270529818e-07
1958 7.78197866573907e-07
1959 7.75997751775986e-07
1960 7.73803908114694e-07
1961 7.71616317630721e-07
1962 7.69434962408864e-07
1963 7.67259824589577e-07
1964 7.65090886354867e-07
1965 7.62928129955565e-07
1966 7.60771537673649e-07
1967 7.58621091853090e-07
1968 7.56476774889747e-07
1969 7.54338569223094e-07
1970 7.52206457350258e-07
1971 7.50080421808272e-07
1972 7.47960445202863e-07
1973 7.45846510165826e-07
1974 7.43738599397263e-07
1975 7.41636695639929e-07
1976 7.39540781683239e-07
1977 7.37450840372515e-07
1978 7.35366854597357e-07
1979 7.33288807302691e-07
1980 7.31216681474235e-07
1981 7.29150460146665e-07
1982 7.27090126415467e-07
1983 7.25035663407814e-07
1984 7.22987054313011e-07
1985 7.20944282361310e-07
1986 7.18907330827532e-07
1987 7.16876183052375e-07
1988 7.14850822403442e-07
1989 7.12831232303398e-07
1990 7.10817396226795e-07
1991 7.08809297692452e-07
1992 7.06806920263097e-07
1993 7.04810247557875e-07
1994 7.02819263232464e-07
1995 7.00833950991804e-07
1996 6.98854294593765e-07
1997 6.96880277840046e-07
1998 6.94911884574475e-07
1999 6.92949098690302e-07
2000 6.90991904129425e-07
2001 6.89040284877471e-07
2002 6.87094224961460e-07
2003 6.85153708465240e-07
2004 6.83218719510796e-07
2005 6.81289242263326e-07
2006 6.79365260937664e-07
2007 6.77446759791772e-07
2008 6.75533723140110e-07
2009 6.73626135316981e-07
2010 6.71723980730813e-07
2011 6.69827243811736e-07
2012 6.67935909050436e-07
2013 6.66049960969456e-07
2014 6.64169384149515e-07
2015 6.62294163197645e-07
2016 6.60424282784512e-07
2017 6.58559727607999e-07
2018 6.56700482424005e-07
2019 6.54846532019993e-07
2020 6.52997861237732e-07
2021 6.51154454955481e-07
2022 6.49316298094326e-07
2023 6.47483375625641e-07
2024 6.45655672557662e-07
2025 6.43833173942563e-07
2026 6.42015864878429e-07
2027 6.40203730500897e-07
2028 6.38396755993333e-07
2029 6.36594926580150e-07
2030 6.34798227529950e-07
2031 6.33006644147308e-07
2032 6.31220161780826e-07
2033 6.29438765829508e-07
2034 6.27662441726943e-07
2035 6.25891174945310e-07
2036 6.24124951009639e-07
2037 6.22363755479294e-07
2038 6.20607573947564e-07
2039 6.18856392066296e-07
2040 6.17110195515312e-07
2041 6.15368970017203e-07
2042 6.13632701343324e-07
2043 6.11901375295995e-07
2044 6.10174977725285e-07
2045 6.08453494518964e-07
2046 6.06736911605344e-07
2047 6.05025214952964e-07
2048 6.03318390572689e-07
2049 6.01616424515795e-07
2050 5.99919302866378e-07
2051 5.98227011760986e-07
2052 5.96539537360110e-07
2053 5.94856865881751e-07
2054 5.93178983568632e-07
2055 5.91505876712266e-07
2056 5.89837531639370e-07
2057 5.88173934713512e-07
2058 5.86515072346508e-07
2059 5.84860930978826e-07
2060 5.83211497091616e-07
2061 5.81566757215015e-07
2062 5.79926697905335e-07
2063 5.78291305766533e-07
2064 5.76660567429943e-07
2065 5.75034469579851e-07
2066 5.73412998927970e-07
2067 5.71796142224079e-07
2068 5.70183886266452e-07
2069 5.68576217877788e-07
2070 5.66973123925734e-07
2071 5.65374591318598e-07
2072 5.63780606996396e-07
2073 5.62191157940882e-07
2074 5.60606231163840e-07
2075 5.59025813724500e-07
2076 5.57449892711974e-07
2077 5.55878455256403e-07
2078 5.54311488522859e-07
2079 5.52748979713677e-07
2080 5.51190916067063e-07
2081 5.49637284860154e-07
2082 5.48088073397811e-07
2083 5.46543269040982e-07
2084 5.45002859169104e-07
2085 5.43466831200363e-07
2086 5.41935172595544e-07
2087 5.40407870849613e-07
2088 5.38884913487986e-07
2089 5.37366288075115e-07
2090 5.35851982215044e-07
2091 5.34341983544564e-07
2092 5.32836279732869e-07
2093 5.31334858490291e-07
2094 5.29837707554184e-07
2095 5.28344814707080e-07
2096 5.26856167760938e-07
2097 5.25371754559323e-07
2098 5.23891562991318e-07
2099 5.22415580969415e-07
2100 5.20943796450083e-07
2101 5.19476197417473e-07
2102 5.18012771892215e-07
2103 5.16553507931457e-07
2104 5.15098393623226e-07
2105 5.13647417096413e-07
2106 5.12200566502518e-07
2107 5.10757830039490e-07
2108 5.09319195932891e-07
2109 5.07884652438784e-07
2110 5.06454187851742e-07
2111 5.05027790503004e-07
2112 5.03605448747654e-07
2113 5.02187150983791e-07
2114 5.00772885641762e-07
2115 4.99362641172860e-07
2116 4.97956406080366e-07
2117 4.96554168887579e-07
2118 4.95155918155625e-07
2119 4.93761642471653e-07
2120 4.92371330467891e-07
2121 4.90984970800874e-07
2122 4.89602552160028e-07
2123 4.88224063269485e-07
2124 4.86849492879505e-07
2125 4.85478829787142e-07
2126 4.84112062805173e-07
2127 4.82749180791319e-07
2128 4.81390172625955e-07
2129 4.80035027222791e-07
2130 4.78683733534872e-07
2131 4.77336280540557e-07
2132 4.75992657251375e-07
2133 4.74652852705924e-07
2134 4.73316855982396e-07
2135 4.71984656184625e-07
2136 4.70656242453062e-07
2137 4.69331603953669e-07
2138 4.68010729880265e-07
2139 4.66693609469130e-07
2140 4.65380231982382e-07
2141 4.64070586708556e-07
2142 4.62764662973674e-07
2143 4.61462450123652e-07
2144 4.60163937550205e-07
2145 4.58869114665282e-07
2146 4.57577970913477e-07
2147 4.56290495770069e-07
2148 4.55006678741240e-07
2149 4.53726509363949e-07
2150 4.52449977196253e-07
2151 4.51177071843227e-07
2152 4.49907782922309e-07
2153 4.48642100090872e-07
2154 4.47380013037032e-07
2155 4.46121511473661e-07
2156 4.44866585143492e-07
2157 4.43615223817389e-07
2158 4.42367417302940e-07
2159 4.41123155430649e-07
2160 4.39882428061896e-07
2161 4.38645225087519e-07
2162 4.37411536427719e-07
2163 4.36181352026433e-07
2164 4.34954661863927e-07
2165 4.33731455948886e-07
2166 4.32511724311296e-07
2167 4.31295457014319e-07
2168 4.30082644153570e-07
2169 4.28873275845747e-07
2170 4.27667342241947e-07
2171 4.26464833521552e-07
2172 4.25265739880362e-07
2173 4.24070051561106e-07
2174 4.22877758822502e-07
2175 4.21688851950595e-07
2176 4.20503321267543e-07
2177 4.19321157109786e-07
2178 4.18142349862487e-07
2179 4.16966889918159e-07
2180 4.15794767704415e-07
2181 4.14625973673790e-07
2182 4.13460498317801e-07
2183 4.12298332143016e-07
2184 4.11139465684528e-07
2185 4.09983889503151e-07
2186 4.08831594199526e-07
2187 4.07682570385892e-07
2188 4.06536808708514e-07
2189 4.05394299842764e-07
2190 4.04255034487991e-07
2191 4.03119003365997e-07
2192 4.01986197231032e-07
2193 4.00856606860566e-07
2194 3.99730223063891e-07
2195 3.98607036669586e-07
2196 3.97487038541349e-07
2197 3.96370219556924e-07
2198 3.95256570628895e-07
2199 3.94146082696845e-07
2200 3.93038746718102e-07
2201 3.91934553685076e-07
2202 3.90833494613698e-07
2203 3.89735560542425e-07
2204 3.88640742534754e-07
2205 3.87549031688246e-07
2206 3.86460419114611e-07
2207 3.85374895960169e-07
2208 3.84292453391862e-07
2209 3.83213082604436e-07
2210 3.82136774815998e-07
2211 3.81063521270888e-07
2212 3.79993313236152e-07
2213 3.78926142010134e-07
2214 3.77861998908488e-07
2215 3.76800875279208e-07
2216 3.75742762487281e-07
2217 3.74687651926279e-07
2218 3.73635535020709e-07
2219 3.72586403207056e-07
2220 3.71540247958790e-07
2221 3.70497060765263e-07
2222 3.69456833140737e-07
2223 3.68419556628872e-07
2224 3.67385222796974e-07
2225 3.66353823227895e-07
2226 3.65325349546492e-07
2227 3.64299793378109e-07
2228 3.63277146392285e-07
2229 3.62257400272755e-07
2230 3.61240546728475e-07
2231 3.60226577496339e-07
2232 3.59215484328950e-07
2233 3.58207259004814e-07
2234 3.57201893334622e-07
2235 3.56199379142802e-07
2236 3.55199708284922e-07
2237 3.54202872631367e-07
2238 3.53208864079923e-07
2239 3.52217674553331e-07
2240 3.51229295996477e-07
2241 3.50243720372626e-07
2242 3.49260939679320e-07
2243 3.48280945926512e-07
2244 3.47303731149867e-07
2245 3.46329287413799e-07
2246 3.45357606796667e-07
2247 3.44388681404907e-07
2248 3.43422503363932e-07
2249 3.42459064826225e-07
2250 3.41498357961302e-07
2251 3.40540374968008e-07
2252 3.39585108062832e-07
2253 3.38632549485752e-07
2254 3.37682691499157e-07
2255 3.36735526387377e-07
2256 3.35791046458016e-07
2257 3.34849244039001e-07
2258 3.33910111479001e-07
2259 3.32973641151594e-07
2260 3.32039825458205e-07
2261 3.31108656801442e-07
2262 3.30180127634030e-07
2263 3.29254230406462e-07
2264 3.28330957601795e-07
2265 3.27410301728439e-07
2266 3.26492255303112e-07
2267 3.25576810878803e-07
2268 3.24663961015174e-07
2269 3.23753698310133e-07
2270 3.22846015367225e-07
2271 3.21940904822397e-07
2272 3.21038359324312e-07
2273 3.20138371550396e-07
2274 3.19240934191286e-07
2275 3.18346039964095e-07
2276 3.17453681603083e-07
2277 3.16563851870261e-07
2278 3.15676543540972e-07
2279 3.14791749412002e-07
2280 3.13909462307903e-07
2281 3.13029675061227e-07
2282 3.12152380539490e-07
2283 3.11277571622088e-07
2284 3.10405241211027e-07
2285 3.09535382224188e-07
2286 3.08667987608051e-07
2287 3.07803050326785e-07
2288 3.06940563358433e-07
2289 3.06080519705886e-07
2290 3.05222912395574e-07
2291 3.04367734468501e-07
2292 3.03514978988080e-07
2293 3.02664639034507e-07
2294 3.01816707714106e-07
2295 3.00971178146561e-07
2296 3.00128043479283e-07
2297 2.99287296869704e-07
2298 2.98448931498489e-07
2299 2.97612940568336e-07
2300 2.96779317297819e-07
2301 2.95948054933051e-07
2302 2.95119146723894e-07
2303 2.94292585959279e-07
2304 2.93468365931811e-07
2305 2.92646479956655e-07
2306 2.91826921376621e-07
2307 2.91009683542991e-07
2308 2.90194759831372e-07
2309 2.89382143635833e-07
2310 2.88571828367251e-07
2311 2.87763807460953e-07
2312 2.86958074362239e-07
2313 2.86154622545496e-07
2314 2.85353445493409e-07
2315 2.84554536717954e-07
2316 2.83757889741533e-07
2317 2.82963498107901e-07
2318 2.82171355378191e-07
2319 2.81381455136047e-07
2320 2.80593790982158e-07
2321 2.79808356527926e-07
2322 2.79025145416647e-07
2323 2.78244151294544e-07
2324 2.77465367842128e-07
2325 2.76688788740571e-07
2326 2.75914407708593e-07
2327 2.75142218465246e-07
2328 2.74372214760296e-07
2329 2.73604390356395e-07
2330 2.72838739029420e-07
2331 2.72075254583008e-07
2332 2.71313930830695e-07
2333 2.70554761604781e-07
2334 2.69797740759583e-07
2335 2.69042862164032e-07
2336 2.68290119704540e-07
2337 2.67539507281588e-07
2338 2.66791018826331e-07
2339 2.66044648269704e-07
2340 2.65300389572672e-07
2341 2.64558236709286e-07
2342 2.63818183669807e-07
2343 2.63080224462460e-07
2344 2.62344353111739e-07
2345 2.61610563662119e-07
2346 2.60878850177374e-07
2347 2.60149206725370e-07
2348 2.59421627410240e-07
2349 2.58696106335258e-07
2350 2.57972637632580e-07
2351 2.57251215447857e-07
2352 2.56531833938099e-07
2353 2.55814487283615e-07
2354 2.55099169684008e-07
2355 2.54385875341645e-07
2356 2.53674598492682e-07
2357 2.52965333376972e-07
2358 2.52258074260326e-07
2359 2.51552815416015e-07
2360 2.50849551144539e-07
2361 2.50148275745884e-07
2362 2.49448983558350e-07
2363 2.48751668917729e-07
2364 2.48056326186617e-07
2365 2.47362949737427e-07
2366 2.46671533966972e-07
2367 2.45982073281039e-07
2368 2.45294562096432e-07
2369 2.44608994864666e-07
2370 2.43925366034210e-07
2371 2.43243670079473e-07
2372 2.42563901485653e-07
2373 2.41886054760754e-07
2374 2.41210124415742e-07
2375 2.40536104991010e-07
2376 2.39863991039990e-07
2377 2.39193777119751e-07
2378 2.38525457820331e-07
2379 2.37859027738109e-07
2380 2.37194481478755e-07
2381 2.36531813679699e-07
2382 2.35871018979013e-07
2383 2.35212092035553e-07
2384 2.34555027524752e-07
2385 2.33899820138744e-07
2386 2.33246464580568e-07
2387 2.32594955565323e-07
2388 2.31945287835387e-07
2389 2.31297456139135e-07
2390 2.30651455241510e-07
2391 2.30007279920869e-07
2392 2.29364924972909e-07
2393 2.28724385207752e-07
2394 2.28085655454547e-07
2395 2.27448730546935e-07
2396 2.26813605345318e-07
2397 2.26180274714006e-07
2398 2.25548733541082e-07
2399 2.24918976724360e-07
2400 2.24290999174410e-07
2401 2.23664795827616e-07
2402 2.23040361617763e-07
2403 2.22417691500065e-07
2404 2.21796780459777e-07
2405 2.21177623469090e-07
2406 2.20560215540217e-07
2407 2.19944551673636e-07
2408 2.19330626905521e-07
2409 2.18718436285735e-07
2410 2.18107974861351e-07
2411 2.17499237711215e-07
2412 2.16892219916014e-07
2413 2.16286916579491e-07
2414 2.15683322812530e-07
2415 2.15081433744485e-07
2416 2.14481244517037e-07
2417 2.13882750286505e-07
2418 2.13285946224990e-07
2419 2.12690827508993e-07
2420 2.12097389340921e-07
2421 2.11505626932778e-07
2422 2.10915535508018e-07
2423 2.10327110302000e-07
2424 2.09740346575479e-07
2425 2.09155239586413e-07
2426 2.08571784618676e-07
2427 2.07989976960027e-07
2428 2.07409811923147e-07
2429 2.06831284824059e-07
2430 2.06254390995633e-07
2431 2.05679125784553e-07
2432 2.05105484553111e-07
2433 2.04533462674692e-07
2434 2.03963055534264e-07
2435 2.03394258535325e-07
2436 2.02827067084155e-07
2437 2.02261476614347e-07
2438 2.01697482557085e-07
2439 2.01135080372660e-07
2440 2.00574265521263e-07
2441 2.00015033483026e-07
2442 1.99457379748634e-07
2443 1.98901299822948e-07
2444 1.98346789225331e-07
2445 1.97793843483081e-07
2446 1.97242458139662e-07
2447 1.96692628750467e-07
2448 1.96144350879570e-07
2449 1.95597620113996e-07
2450 1.95052432049140e-07
2451 1.94508782285020e-07
2452 1.93966666444790e-07
2453 1.93426080160199e-07
2454 1.92887019071626e-07
2455 1.92349478836932e-07
2456 1.91813455128789e-07
2457 1.91278943624616e-07
2458 1.90745940017227e-07
2459 1.90214440016410e-07
2460 1.89684439338024e-07
2461 1.89155933712894e-07
2462 1.88628918882900e-07
2463 1.88103390607813e-07
2464 1.87579344648958e-07
2465 1.87056776791500e-07
2466 1.86535682824667e-07
2467 1.86016058548913e-07
2468 1.85497899781745e-07
2469 1.84981202351444e-07
2470 1.84465962098601e-07
2471 1.83952174874844e-07
2472 1.83439836537396e-07
2473 1.82928942969038e-07
2474 1.82419490050907e-07
2475 1.81911473690033e-07
2476 1.81404889786674e-07
2477 1.80899734271012e-07
2478 1.80396003071498e-07
2479 1.79893692140575e-07
2480 1.79392797425842e-07
2481 1.78893314904184e-07
2482 1.78395240550877e-07
2483 1.77898570360758e-07
2484 1.77403300339034e-07
2485 1.76909426497354e-07
2486 1.76416944861008e-07
2487 1.75925851470193e-07
2488 1.75436142371899e-07
2489 1.74947813628277e-07
2490 1.74460861309813e-07
2491 1.73975281501885e-07
2492 1.73491070293420e-07
2493 1.73008223791705e-07
2494 1.72526738113759e-07
2495 1.72046609388893e-07
2496 1.71567833755305e-07
2497 1.71090407360569e-07
2498 1.70614326363980e-07
2499 1.70139586941408e-07
2500 1.69666185274570e-07
2501 1.69194117551856e-07
2502 1.68723379986209e-07
2503 1.68253968786437e-07
2504 1.67785880186349e-07
2505 1.67319110411811e-07
2506 1.66853655718867e-07
2507 1.66389512365426e-07
2508 1.65926676617670e-07
2509 1.65465144759989e-07
2510 1.65004913077440e-07
2511 1.64545977874760e-07
2512 1.64088335462993e-07
2513 1.63631982167718e-07
2514 1.63176914313253e-07
2515 1.62723128253534e-07
2516 1.62270620336062e-07
2517 1.61819386927606e-07
2518 1.61369424399941e-07
2519 1.60920729141970e-07
2520 1.60473297548990e-07
2521 1.60027126023320e-07
2522 1.59582210984391e-07
2523 1.59138548856205e-07
2524 1.58696136080289e-07
2525 1.58254969095621e-07
2526 1.57815044367088e-07
2527 1.57376358355936e-07
2528 1.56938907544933e-07
2529 1.56502688415759e-07
2530 1.56067697470368e-07
2531 1.55633931213925e-07
2532 1.55201386164456e-07
2533 1.54770058848511e-07
2534 1.54339945805079e-07
2535 1.53911043579634e-07
2536 1.53483348731273e-07
2537 1.53056857824782e-07
2538 1.52631567439931e-07
2539 1.52207474160008e-07
2540 1.51784574588296e-07
2541 1.51362865320179e-07
2542 1.50942342979479e-07
2543 1.50523004190157e-07
2544 1.50104845588818e-07
2545 1.49687863814604e-07
2546 1.49272055529095e-07
2547 1.48857417392648e-07
2548 1.48443946078948e-07
2549 1.48031638273753e-07
2550 1.47620490665975e-07
2551 1.47210499959029e-07
2552 1.46801662865949e-07
2553 1.46393976107122e-07
2554 1.45987436412118e-07
2555 1.45582040520833e-07
2556 1.45177785184857e-07
2557 1.44774667158317e-07
2558 1.44372683211815e-07
2559 1.43971830117730e-07
2560 1.43572104670500e-07
2561 1.43173503657974e-07
2562 1.42776023889214e-07
2563 1.42379662176187e-07
2564 1.41984415341438e-07
2565 1.41590280217004e-07
2566 1.41197253645334e-07
2567 1.40805332473179e-07
2568 1.40414513561111e-07
2569 1.40024793777655e-07
2570 1.39636169996916e-07
2571 1.39248639110731e-07
2572 1.38862198009090e-07
2573 1.38476843597522e-07
2574 1.38092572788745e-07
2575 1.37709382504997e-07
2576 1.37327269669639e-07
2577 1.36946231232401e-07
2578 1.36566264132970e-07
2579 1.36187365328376e-07
2580 1.35809531789981e-07
2581 1.35432760486451e-07
2582 1.35057048404949e-07
2583 1.34682392529759e-07
2584 1.34308789865519e-07
2585 1.33936237418793e-07
2586 1.33564732205793e-07
2587 1.33194271255544e-07
2588 1.32824851596398e-07
2589 1.32456470277594e-07
2590 1.32089124345009e-07
2591 1.31722810860857e-07
2592 1.31357526890547e-07
2593 1.30993269514048e-07
2594 1.30630035811221e-07
2595 1.30267822877413e-07
2596 1.29906627812718e-07
2597 1.29546447728928e-07
2598 1.29187279740705e-07
2599 1.28829120974452e-07
2600 1.28471968569399e-07
2601 1.28115819664591e-07
2602 1.27760671407802e-07
2603 1.27406520961362e-07
2604 1.27053365489134e-07
2605 1.26701202169294e-07
2606 1.26350028187096e-07
2607 1.25999840725795e-07
2608 1.25650636990978e-07
2609 1.25302414187655e-07
2610 1.24955169532973e-07
2611 1.24608900243766e-07
2612 1.24263603558188e-07
2613 1.23919276716406e-07
2614 1.23575916961216e-07
2615 1.23233521545828e-07
2616 1.22892087736654e-07
2617 1.22551612800974e-07
2618 1.22212094020135e-07
2619 1.21873528677259e-07
2620 1.21535914070167e-07
2621 1.21199247497361e-07
2622 1.20863526267279e-07
2623 1.20528747698989e-07
2624 1.20194909117005e-07
2625 1.19862007851625e-07
2626 1.19530041246586e-07
2627 1.19199006647681e-07
2628 1.18868901408004e-07
2629 1.18539722891325e-07
2630 1.18211468469842e-07
2631 1.17884135518991e-07
2632 1.17557721424169e-07
2633 1.17232223582055e-07
2634 1.16907639387764e-07
2635 1.16583966251958e-07
2636 1.16261201586753e-07
2637 1.15939342817230e-07
2638 1.15618387374822e-07
2639 1.15298332693467e-07
2640 1.14979176212550e-07
2641 1.14660915397734e-07
2642 1.14343547698054e-07
2643 1.14027070580831e-07
2644 1.13711481519489e-07
2645 1.13396777996528e-07
2646 1.13082957502361e-07
2647 1.12770017525822e-07
2648 1.12457955573690e-07
2649 1.12146769157967e-07
2650 1.11836455790166e-07
2651 1.11527012994801e-07
2652 1.11218438304920e-07
2653 1.10910729257208e-07
2654 1.10603883395747e-07
2655 1.10297898273999e-07
2656 1.09992771448489e-07
2657 1.09688500488014e-07
2658 1.09385082966422e-07
2659 1.09082516461035e-07
2660 1.08780798553793e-07
2661 1.08479926847549e-07
2662 1.08179898937886e-07
2663 1.07880712434079e-07
2664 1.07582364946892e-07
2665 1.07284854103154e-07
2666 1.06988177524708e-07
2667 1.06692332847266e-07
2668 1.06397317713895e-07
2669 1.06103129773788e-07
2670 1.05809766679838e-07
2671 1.05517226095279e-07
2672 1.05225505685716e-07
2673 1.04934603127538e-07
2674 1.04644516102324e-07
2675 1.04355242300118e-07
2676 1.04066779409132e-07
2677 1.03779125137081e-07
2678 1.03492277192539e-07
2679 1.03206233283569e-07
2680 1.02920991138391e-07
2681 1.02636548476590e-07
2682 1.02352903038989e-07
2683 1.02070052563713e-07
2684 1.01787994800484e-07
2685 1.01506727496950e-07
2686 1.01226248415857e-07
2687 1.00946555323770e-07
2688 1.00667645993803e-07
2689 1.00389518203466e-07
2690 1.00112169737629e-07
2691 9.98355983921978e-08
2692 9.95598019574831e-08
2693 9.92847782442932e-08
2694 9.90105250615820e-08
2695 9.87370402231894e-08
2696 9.84643215554617e-08
2697 9.81923668836117e-08
2698 9.79211740528115e-08
2699 9.76507408914465e-08
2700 9.73810652556424e-08
2701 9.71121449961623e-08
2702 9.68439779750942e-08
2703 9.65765620567636e-08
2704 9.63098951155199e-08
2705 9.60439750271729e-08
2706 9.57787996765969e-08
2707 9.55143669567926e-08
2708 9.52506747601643e-08
2709 9.49877209914282e-08
2710 9.47255035622716e-08
2711 9.44640203827109e-08
2712 9.42032693732692e-08
2713 9.39432484616906e-08
2714 9.36839555805845e-08
2715 9.34253886655321e-08
2716 9.31675456609368e-08
2717 9.29104245220999e-08
2718 9.26540232002121e-08
2719 9.23983396531720e-08
2720 9.21433718582323e-08
2721 9.18891177807479e-08
2722 9.16355754024773e-08
2723 9.13827427076519e-08
2724 9.11306176869533e-08
2725 9.08791983396856e-08
2726 9.06284826624985e-08
2727 9.03784686655140e-08
2728 9.01291543647798e-08
2729 8.98805377740880e-08
2730 8.96326169186846e-08
2731 8.93853898335089e-08
2732 8.91388545525804e-08
2733 8.88930091212936e-08
2734 8.86478515764443e-08
2735 8.84033799806137e-08
2736 8.81595923853461e-08
2737 8.79164868605857e-08
2738 8.76740614733680e-08
2739 8.74323142951608e-08
2740 8.71912434111249e-08
2741 8.69508469069596e-08
2742 8.67111228742401e-08
2743 8.64720694011951e-08
2744 8.62336846047316e-08
2745 8.59959665800279e-08
2746 8.57589134455820e-08
2747 8.55225233209720e-08
2748 8.52867943269813e-08
2749 8.50517245958474e-08
2750 8.48173122591521e-08
2751 8.45835554562807e-08
2752 8.43504523324055e-08
2753 8.41180010452203e-08
2754 8.38861997408300e-08
2755 8.36550465842447e-08
2756 8.34245397419570e-08
2757 8.31946773853848e-08
2758 8.29654576913228e-08
2759 8.27368788412704e-08
2760 8.25089390249793e-08
2761 8.22816364277103e-08
2762 8.20549692529240e-08
2763 8.18289357029916e-08
2764 8.16035339819251e-08
2765 8.13787623058998e-08
2766 8.11546188921284e-08
2767 8.09311019633119e-08
2768 8.07082097456535e-08
2769 8.04859404747475e-08
2770 8.02642923891398e-08
2771 8.00432637292991e-08
2772 7.98228527448706e-08
2773 7.96030576889579e-08
2774 7.93838768241768e-08
2775 7.91653084076844e-08
2776 7.89473507074096e-08
2777 7.87300020004173e-08
2778 7.85132605608649e-08
2779 7.82971246738804e-08
2780 7.80815926301920e-08
2781 7.78666627159493e-08
2782 7.76523332326640e-08
2783 7.74386024821275e-08
2784 7.72254687739932e-08
2785 7.70129304133534e-08
2786 7.68009857245102e-08
2787 7.65896330253221e-08
2788 7.63788706435734e-08
2789 7.61686969099651e-08
2790 7.59591101623924e-08
2791 7.57501087371751e-08
2792 7.55416909849111e-08
2793 7.53338552519047e-08
2794 7.51265998958196e-08
2795 7.49199232763497e-08
2796 7.47138237541205e-08
2797 7.45082997009720e-08
2798 7.43033494908682e-08
2799 7.40989714999886e-08
2800 7.38951641157534e-08
2801 7.36919257195644e-08
2802 7.34892547075113e-08
2803 7.32871494750880e-08
2804 7.30856084220217e-08
2805 7.28846299594672e-08
2806 7.26842124934696e-08
2807 7.24843544338011e-08
2808 7.22850542112321e-08
2809 7.20863102423894e-08
2810 7.18881209594929e-08
2811 7.16904847868407e-08
2812 7.14934001725810e-08
2813 7.12968655533090e-08
2814 7.11008793794336e-08
2815 7.09054400944582e-08
2816 7.07105461577045e-08
2817 7.05161960306659e-08
2818 7.03223881719887e-08
2819 7.01291210558100e-08
2820 6.99363931501981e-08
2821 6.97442029318555e-08
2822 6.95525488863742e-08
2823 6.93614294972143e-08
2824 6.91708432534997e-08
2825 6.89807886513153e-08
2826 6.87912641871910e-08
2827 6.86022683640199e-08
2828 6.84137996926124e-08
2829 6.82258566803412e-08
2830 6.80384378431839e-08
2831 6.78515417049148e-08
2832 6.76651667822335e-08
2833 6.74793116115901e-08
2834 6.72939747195290e-08
2835 6.71091546474620e-08
2836 6.69248499329536e-08
2837 6.67410591213216e-08
2838 6.65577807632174e-08
2839 6.63750134095524e-08
2840 6.61927556184952e-08
2841 6.60110059546139e-08
2842 6.58297629810234e-08
2843 6.56490252665970e-08
2844 6.54687913863838e-08
2845 6.52890599162988e-08
2846 6.51098294403642e-08
2847 6.49310985434248e-08
2848 6.47528658165791e-08
2849 6.45751298537197e-08
2850 6.43978892513011e-08
2851 6.42211426143856e-08
2852 6.40448885441569e-08
2853 6.38691256552814e-08
2854 6.36938525589046e-08
2855 6.35190678709381e-08
2856 6.33447702218093e-08
2857 6.31709582295419e-08
2858 6.29976305218048e-08
2859 6.28247857375541e-08
2860 6.26524225145638e-08
2861 6.24805394909560e-08
2862 6.23091353128527e-08
2863 6.21382086295019e-08
2864 6.19677580930053e-08
2865 6.17977823593832e-08
2866 6.16282800938481e-08
2867 6.14592499559683e-08
2868 6.12906906171384e-08
2869 6.11226007462295e-08
2870 6.09549790193906e-08
2871 6.07878241208712e-08
2872 6.06211347276274e-08
2873 6.04549095284636e-08
2874 6.02891472180718e-08
2875 6.01238464865798e-08
2876 5.99590060335217e-08
2877 5.97946245588455e-08
2878 5.96307007732394e-08
2879 5.94672333792496e-08
2880 5.93042210970467e-08
2881 5.91416626383898e-08
2882 5.89795567246078e-08
2883 5.88179020797033e-08
2884 5.86566974333278e-08
2885 5.84959415133174e-08
2886 5.83356330565330e-08
2887 5.81757708018538e-08
2888 5.80163534886738e-08
2889 5.78573798643136e-08
2890 5.76988486809015e-08
2891 5.75407586831056e-08
2892 5.73831086389966e-08
2893 5.72258972953297e-08
2894 5.70691234274917e-08
2895 5.69127857930169e-08
2896 5.67568831656767e-08
2897 5.66014143200989e-08
2898 5.64463780344758e-08
2899 5.62917730877374e-08
2900 5.61375982638695e-08
2901 5.59838523529395e-08
2902 5.58305341433929e-08
2903 5.56776424336566e-08
2904 5.55251760174187e-08
2905 5.53731336985429e-08
2906 5.52215142814191e-08
2907 5.50703165769212e-08
2908 5.49195393899491e-08
2909 5.47691815457450e-08
2910 5.46192418526554e-08
2911 5.44697191380794e-08
2912 5.43206122291443e-08
2913 5.41719199512623e-08
2914 5.40236411343125e-08
2915 5.38757746181845e-08
2916 5.37283192362341e-08
2917 5.35812738321555e-08
2918 5.34346372528441e-08
2919 5.32884083487077e-08
2920 5.31425859640415e-08
2921 5.29971689606754e-08
2922 5.28521561946456e-08
2923 5.27075465269670e-08
2924 5.25633388236110e-08
2925 5.24195319512999e-08
2926 5.22761247789898e-08
2927 5.21331161846700e-08
2928 5.19905050424077e-08
2929 5.18482902392099e-08
2930 5.17064706510748e-08
2931 5.15650451713097e-08
2932 5.14240126857762e-08
2933 5.12833720913252e-08
2934 5.11431222845826e-08
2935 5.10032621593377e-08
2936 5.08637906273565e-08
2937 5.07247065885463e-08
2938 5.05860089499688e-08
2939 5.04476966331844e-08
2940 5.03097685454814e-08
2941 5.01722236063575e-08
2942 5.00350607396060e-08
2943 4.98982788691984e-08
2944 4.97618769223336e-08
2945 4.96258538268214e-08
2946 4.94902085214854e-08
2947 4.93549399400829e-08
2948 4.92200470221552e-08
2949 4.90855287081414e-08
2950 4.89513839486816e-08
2951 4.88176116910134e-08
2952 4.86842108843400e-08
2953 4.85511804870784e-08
2954 4.84185194533503e-08
2955 4.82862267467043e-08
2956 4.81543013310789e-08
2957 4.80227421669720e-08
2958 4.78915482298586e-08
2959 4.77607184931371e-08
2960 4.76302519262737e-08
2961 4.75001475138333e-08
2962 4.73704042324363e-08
2963 4.72410210671496e-08
2964 4.71119970072778e-08
2965 4.69833310391784e-08
2966 4.68550221569067e-08
2967 4.67270693590863e-08
2968 4.65994716363298e-08
2969 4.64722279983747e-08
2970 4.63453374420709e-08
2971 4.62187989841755e-08
2972 4.60926116219122e-08
2973 4.59667743789974e-08
2974 4.58412862655562e-08
2975 4.57161463007678e-08
2976 4.55913535012605e-08
2977 4.54669068973956e-08
2978 4.53428055109184e-08
2979 4.52190483727031e-08
2980 4.50956345194128e-08
2981 4.49725629765873e-08
2982 4.48498327910744e-08
2983 4.47274429932888e-08
2984 4.46053926343312e-08
2985 4.44836807590954e-08
2986 4.43623064140980e-08
2987 4.42412686475622e-08
2988 4.41205665224131e-08
2989 4.40001990792821e-08
2990 4.38801653925477e-08
2991 4.37604645169888e-08
2992 4.36410955231883e-08
2993 4.35220574705356e-08
2994 4.34033494323274e-08
2995 4.32849704813333e-08
2996 4.31669196917048e-08
2997 4.30491961431452e-08
2998 4.29317989139480e-08
2999 4.28147270857048e-08
3000 4.26979797497432e-08
3001 4.25815559885288e-08
3002 4.24654548947191e-08
3003 4.23496755607999e-08
3004 4.22342170870226e-08
3005 4.21190785678040e-08
3006 4.20042591015439e-08
3007 4.18897578007218e-08
3008 4.17755737610872e-08
3009 4.16617060983855e-08
3010 4.15481539198921e-08
3011 4.14349163454929e-08
3012 4.13219924836951e-08
3013 4.12093814569218e-08
3014 4.10970823858850e-08
3015 4.09850943983679e-08
3016 4.08734166113720e-08
3017 4.07620481622819e-08
3018 4.06509881796402e-08
3019 4.05402357976046e-08
3020 4.04297901506676e-08
3021 4.03196503757744e-08
3022 4.02098156197971e-08
3023 4.01002850208797e-08
3024 3.99910577243961e-08
3025 3.98821328853179e-08
3026 3.97735096490313e-08
3027 3.96651871690561e-08
3028 3.95571646020041e-08
3029 3.94494411072360e-08
3030 3.93420158425374e-08
3031 3.92348879708155e-08
3032 3.91280566567019e-08
3033 3.90215210733540e-08
3034 3.89152803839961e-08
3035 3.88093337613600e-08
3036 3.87036803832765e-08
3037 3.85983194265608e-08
3038 3.84932500658696e-08
3039 3.83884714866078e-08
3040 3.82839828729090e-08
3041 3.81797834088053e-08
3042 3.80758722861701e-08
3043 3.79722486912014e-08
3044 3.78689118199310e-08
3045 3.77658608673021e-08
3046 3.76630950311116e-08
3047 3.75606135083351e-08
3048 3.74584155079617e-08
3049 3.73565002303347e-08
3050 3.72548668809895e-08
3051 3.71535146681143e-08
3052 3.70524428080643e-08
3053 3.69516505118818e-08
3054 3.68511369939413e-08
3055 3.67509014719042e-08
3056 3.66509431673555e-08
3057 3.65512613007489e-08
3058 3.64518550992946e-08
3059 3.63527237893446e-08
3060 3.62538665998227e-08
3061 3.61552827598676e-08
3062 3.60569715090903e-08
3063 3.59589320714963e-08
3064 3.58611636940189e-08
3065 3.57636656149347e-08
3066 3.56664370709858e-08
3067 3.55694773131049e-08
3068 3.54727855856885e-08
3069 3.53763611381932e-08
3070 3.52802032173904e-08
3071 3.51843110770421e-08
3072 3.50886839754446e-08
3073 3.49933211649625e-08
3074 3.48982219072428e-08
3075 3.48033854637205e-08
3076 3.47088110944593e-08
3077 3.46144980686930e-08
3078 3.45204456530013e-08
3079 3.44266531138129e-08
3080 3.43331197243881e-08
3081 3.42398447618722e-08
3082 3.41468274963050e-08
3083 3.40540672109698e-08
3084 3.39615631781925e-08
3085 3.38693146866568e-08
3086 3.37773210181373e-08
3087 3.36855814571302e-08
3088 3.35940952933122e-08
3089 3.35028618153468e-08
3090 3.34118803168034e-08
3091 3.33211500889464e-08
3092 3.32306704298805e-08
3093 3.31404406365768e-08
3094 3.30504600095999e-08
3095 3.29607278503587e-08
3096 3.28712434618098e-08
3097 3.27820061520876e-08
3098 3.26930152264842e-08
3099 3.26042700001687e-08
3100 3.25157697753568e-08
3101 3.24275138740013e-08
3102 3.23395016080718e-08
3103 3.22517322972871e-08
3104 3.21642052602266e-08
3105 3.20769198144530e-08
3106 3.19898752916643e-08
3107 3.19030710104489e-08
3108 3.18165062991942e-08
3109 3.17301804875313e-08
3110 3.16440929070217e-08
3111 3.15582428926697e-08
3112 3.14726297766485e-08
3113 3.13872528921729e-08
3114 3.13021115812836e-08
3115 3.12172051878559e-08
3116 3.11325330481934e-08
3117 3.10480945122333e-08
3118 3.09638889192893e-08
3119 3.08799156227649e-08
3120 3.07961739690073e-08
3121 3.07126633127530e-08
3122 3.06293830031840e-08
3123 3.05463323987543e-08
3124 3.04635108568567e-08
3125 3.03809177347691e-08
3126 3.02985523934627e-08
3127 3.02164141951711e-08
3128 3.01345025077874e-08
3129 3.00528166910163e-08
3130 2.99713561152240e-08
3131 2.98901201514283e-08
3132 2.98091081712539e-08
3133 2.97283195471044e-08
3134 2.96477536546283e-08
3135 2.95674098688403e-08
3136 2.94872875706191e-08
3137 2.94073861379455e-08
3138 2.93277049543930e-08
3139 2.92482434046523e-08
3140 2.91690008731843e-08
3141 2.90899767458102e-08
3142 2.90111704147369e-08
3143 2.89325812689993e-08
3144 2.88542086993588e-08
3145 2.87760521026260e-08
3146 2.86981108735541e-08
3147 2.86203844117495e-08
3148 2.85428721148215e-08
3149 2.84655733827829e-08
3150 2.83884876204243e-08
3151 2.83116142325374e-08
3152 2.82349526213182e-08
3153 2.81585021986446e-08
3154 2.80822623711798e-08
3155 2.80062325532589e-08
3156 2.79304121546608e-08
3157 2.78548005910998e-08
3158 2.77793972776537e-08
3159 2.77042016352341e-08
3160 2.76292130799430e-08
3161 2.75544310375159e-08
3162 2.74798549241278e-08
3163 2.74054841676540e-08
3164 2.73313181942330e-08
3165 2.72573564304998e-08
3166 2.71835983044225e-08
3167 2.71100432517196e-08
3168 2.70366907000162e-08
3169 2.69635400864524e-08
3170 2.68905908414472e-08
3171 2.68178424081680e-08
3172 2.67452942241827e-08
3173 2.66729457300590e-08
3174 2.66007963635465e-08
3175 2.65288455710060e-08
3176 2.64570927998355e-08
3177 2.63855374977302e-08
3178 2.63141791071709e-08
3179 2.62430170783166e-08
3180 2.61720508681402e-08
3181 2.61012799269247e-08
3182 2.60307037077088e-08
3183 2.59603216708858e-08
3184 2.58901332649175e-08
3185 2.58201379598882e-08
3186 2.57503352123258e-08
3187 2.56807244830776e-08
3188 2.56113052345521e-08
3189 2.55420769329937e-08
3190 2.54730390475961e-08
3191 2.54041910450828e-08
3192 2.53355323937942e-08
3193 2.52670625678320e-08
3194 2.51987810378140e-08
3195 2.51306872788419e-08
3196 2.50627807658415e-08
3197 2.49950609748087e-08
3198 2.49275273894294e-08
3199 2.48601794834129e-08
3200 2.47930167428522e-08
3201 2.47260386471030e-08
3202 2.46592446861561e-08
3203 2.45926343392555e-08
3204 2.45262071028303e-08
3205 2.44599624565712e-08
3206 2.43938998963427e-08
3207 2.43280189080591e-08
3208 2.42623189922287e-08
3209 2.41967996420891e-08
3210 2.41314603494581e-08
3211 2.40663006151752e-08
3212 2.40013199365342e-08
3213 2.39365178171866e-08
3214 2.38718937547876e-08
3215 2.38074472500663e-08
3216 2.37431778156890e-08
3217 2.36790849527821e-08
3218 2.36151681714018e-08
3219 2.35514269758169e-08
3220 2.34878608787570e-08
3221 2.34244693932421e-08
3222 2.33612520322802e-08
3223 2.32982083046635e-08
3224 2.32353377313518e-08
3225 2.31726398281238e-08
3226 2.31101141111688e-08
3227 2.30477601041112e-08
3228 2.29855773248894e-08
3229 2.29235652996190e-08
3230 2.28617235469911e-08
3231 2.28000515979706e-08
3232 2.27385489739443e-08
3233 2.26772152038957e-08
3234 2.26160498169844e-08
3235 2.25550523449940e-08
3236 2.24942223229436e-08
3237 2.24335592747246e-08
3238 2.23730627463328e-08
3239 2.23127322620147e-08
3240 2.22525673645980e-08
3241 2.21925675968571e-08
3242 2.21327324879720e-08
3243 2.20730615882106e-08
3244 2.20135544372889e-08
3245 2.19542105773550e-08
3246 2.18950295516076e-08
3247 2.18360109101667e-08
3248 2.17771542002560e-08
3249 2.17184589689631e-08
3250 2.16599247628587e-08
3251 2.16015511392326e-08
3252 2.15433376485825e-08
3253 2.14852838422325e-08
3254 2.14273892757767e-08
3255 2.13696535136114e-08
3256 2.13120761001096e-08
3257 2.12546566033616e-08
3258 2.11973945813559e-08
3259 2.11402895927065e-08
3260 2.10833412022177e-08
3261 2.10265489717983e-08
3262 2.09699124727863e-08
3263 2.09134312620548e-08
3264 2.08571049138440e-08
3265 2.08009329953956e-08
3266 2.07449150725107e-08
3267 2.06890507201430e-08
3268 2.06333395119112e-08
3269 2.05777810186364e-08
3270 2.05223748133010e-08
3271 2.04671204751071e-08
3272 2.04120175834591e-08
3273 2.03570657112091e-08
3274 2.03022644390787e-08
3275 2.02476133524069e-08
3276 2.01931120264244e-08
3277 2.01387600479393e-08
3278 2.00845570025171e-08
3279 2.00305024694769e-08
3280 1.99765960442896e-08
3281 1.99228373059936e-08
3282 1.98692258490280e-08
3283 1.98157612599811e-08
3284 1.97624431326200e-08
3285 1.97092710575038e-08
3286 1.96562446310049e-08
3287 1.96033634448282e-08
3288 1.95506270956054e-08
3289 1.94980351808861e-08
3290 1.94455872989314e-08
3291 1.93932830473677e-08
3292 1.93411220276210e-08
3293 1.92891038393005e-08
3294 1.92372280895729e-08
3295 1.91854943784620e-08
3296 1.91339023088073e-08
3297 1.90824514923844e-08
3298 1.90311415333848e-08
3299 1.89799720394287e-08
3300 1.89289426203871e-08
3301 1.88780528856175e-08
3302 1.88273024455911e-08
3303 1.87766909194553e-08
3304 1.87262179099635e-08
3305 1.86758830402779e-08
3306 1.86256859247909e-08
3307 1.85756261805798e-08
3308 1.85257034217473e-08
3309 1.84759172698687e-08
3310 1.84262673445936e-08
3311 1.83767532721811e-08
3312 1.83273746689894e-08
3313 1.82781311581780e-08
3314 1.82290223670357e-08
3315 1.81800479192437e-08
3316 1.81312074410877e-08
3317 1.80825005630325e-08
3318 1.80339269121436e-08
3319 1.79854861170995e-08
3320 1.79371778076025e-08
3321 1.78890016178040e-08
3322 1.78409571791473e-08
3323 1.77930441259105e-08
3324 1.77452620921169e-08
3325 1.76976107144704e-08
3326 1.76500896306011e-08
3327 1.76026984763496e-08
3328 1.75554368940080e-08
3329 1.75083045229449e-08
3330 1.74613009961948e-08
3331 1.74144259707814e-08
3332 1.73676790735170e-08
3333 1.73210599606903e-08
3334 1.72745682707561e-08
3335 1.72282036521840e-08
3336 1.71819657516019e-08
3337 1.71358542161441e-08
3338 1.70898686944861e-08
3339 1.70440088396214e-08
3340 1.69982743025855e-08
3341 1.69526647275687e-08
3342 1.69071797762067e-08
3343 1.68618190977737e-08
3344 1.68165823514152e-08
3345 1.67714691878943e-08
3346 1.67264792654898e-08
3347 1.66816122459366e-08
3348 1.66368677814599e-08
3349 1.65922455399931e-08
3350 1.65477451714700e-08
3351 1.65033663457975e-08
3352 1.64591087231287e-08
3353 1.64149719687440e-08
3354 1.63709557460747e-08
3355 1.63270597169237e-08
3356 1.62832835519045e-08
3357 1.62396269146892e-08
3358 1.61960894783766e-08
3359 1.61526709071670e-08
3360 1.61093708768154e-08
3361 1.60661890520554e-08
3362 1.60231251091625e-08
3363 1.59801787190354e-08
3364 1.59373495570031e-08
3365 1.58946372961199e-08
3366 1.58520416121488e-08
3367 1.58095621816045e-08
3368 1.57671986850382e-08
3369 1.57249507979372e-08
3370 1.56828181958067e-08
3371 1.56408005656876e-08
3372 1.55988975898341e-08
3373 1.55571089397123e-08
3374 1.55154343071164e-08
3375 1.54738733760688e-08
3376 1.54324258241132e-08
3377 1.53910913432505e-08
3378 1.53498696192816e-08
3379 1.53087603336867e-08
3380 1.52677631824312e-08
3381 1.52268778508754e-08
3382 1.51861040265811e-08
3383 1.51454414045611e-08
3384 1.51048896749842e-08
3385 1.50644485308226e-08
3386 1.50241176628761e-08
3387 1.49838967685150e-08
3388 1.49437855397433e-08
3389 1.49037836766022e-08
3390 1.48638908732617e-08
3391 1.48241068269035e-08
3392 1.47844312387565e-08
3393 1.47448638055223e-08
3394 1.47054042290560e-08
3395 1.46660522071402e-08
3396 1.46268074468454e-08
3397 1.45876696487449e-08
3398 1.45486385105186e-08
3399 1.45097137477359e-08
3400 1.44708950575144e-08
3401 1.44321821517782e-08
3402 1.43935747290653e-08
3403 1.43550725053706e-08
3404 1.43166751818117e-08
3405 1.42783824757745e-08
3406 1.42401940920555e-08
3407 1.42021097424290e-08
3408 1.41641291397916e-08
3409 1.41262519977776e-08
3410 1.40884780275388e-08
3411 1.40508069435197e-08
3412 1.40132384588022e-08
3413 1.39757722953433e-08
3414 1.39384081638483e-08
3415 1.39011457853831e-08
3416 1.38639848740566e-08
3417 1.38269251547350e-08
3418 1.37899663438004e-08
3419 1.37531081594995e-08
3420 1.37163503272260e-08
3421 1.36796925676870e-08
3422 1.36431346020274e-08
3423 1.36066761589382e-08
3424 1.35703169585930e-08
3425 1.35340567264843e-08
3426 1.34978951899169e-08
3427 1.34618320732472e-08
3428 1.34258671097107e-08
3429 1.33900000208274e-08
3430 1.33542305412814e-08
3431 1.33185583970338e-08
3432 1.32829833183333e-08
3433 1.32475050411455e-08
3434 1.32121232942348e-08
3435 1.31768378122026e-08
3436 1.31416483254300e-08
3437 1.31065545711732e-08
3438 1.30715562842713e-08
3439 1.30366531971597e-08
3440 1.30018450510730e-08
3441 1.29671315832608e-08
3442 1.29325125281068e-08
3443 1.28979876271822e-08
3444 1.28635566194813e-08
3445 1.28292192456100e-08
3446 1.27949752448618e-08
3447 1.27608243613075e-08
3448 1.27267663326150e-08
3449 1.26928009093189e-08
3450 1.26589278303957e-08
3451 1.26251468412697e-08
3452 1.25914576905805e-08
3453 1.25578601171143e-08
3454 1.25243538749390e-08
3455 1.24909387079118e-08
3456 1.24576143638371e-08
3457 1.24243805933111e-08
3458 1.23912371468851e-08
3459 1.23581837735471e-08
3460 1.23252202196227e-08
3461 1.22923462432282e-08
3462 1.22595615957329e-08
3463 1.22268660286789e-08
3464 1.21942592980908e-08
3465 1.21617411531868e-08
3466 1.21293113558872e-08
3467 1.20969696566133e-08
3468 1.20647158160628e-08
3469 1.20325495883609e-08
3470 1.20004707292161e-08
3471 1.19684790048445e-08
3472 1.19365741714339e-08
3473 1.19047559827199e-08
3474 1.18730242077678e-08
3475 1.18413786015495e-08
3476 1.18098189293118e-08
3477 1.17783449557162e-08
3478 1.17469564402284e-08
3479 1.17156531460803e-08
3480 1.16844348405648e-08
3481 1.16533012884789e-08
3482 1.16222522525633e-08
3483 1.15912875052454e-08
3484 1.15604068115041e-08
3485 1.15296099343639e-08
3486 1.14988966491105e-08
3487 1.14682667218212e-08
3488 1.14377199239322e-08
3489 1.14072560238958e-08
3490 1.13768747937912e-08
3491 1.13465760035274e-08
3492 1.13163594260798e-08
3493 1.12862248397673e-08
3494 1.12561720115534e-08
3495 1.12262007158874e-08
3496 1.11963107330126e-08
3497 1.11665018351142e-08
3498 1.11367737964412e-08
3499 1.11071263971633e-08
3500 1.10775594155638e-08
3501 1.10480726285056e-08
3502 1.10186658127140e-08
3503 1.09893387447830e-08
3504 1.09600912133632e-08
3505 1.09309229945683e-08
3506 1.09018338665146e-08
3507 1.08728236136890e-08
3508 1.08438920194993e-08
3509 1.08150388666244e-08
3510 1.07862639382640e-08
3511 1.07575670155267e-08
3512 1.07289478855824e-08
3513 1.07004063379578e-08
3514 1.06719421521692e-08
3515 1.06435551217521e-08
3516 1.06152450237716e-08
3517 1.05870116545797e-08
3518 1.05588548002561e-08
3519 1.05307742505907e-08
3520 1.05027697935538e-08
3521 1.04748412197312e-08
3522 1.04469883203195e-08
3523 1.04192108845351e-08
3524 1.03915087083306e-08
3525 1.03638815812921e-08
3526 1.03363292960292e-08
3527 1.03088516511976e-08
3528 1.02814484351250e-08
3529 1.02541194436048e-08
3530 1.02268644753639e-08
3531 1.01996833231053e-08
3532 1.01725757825904e-08
3533 1.01455416577276e-08
3534 1.01185807385162e-08
3535 1.00916928246070e-08
3536 1.00648777164707e-08
3537 1.00381352175546e-08
3538 1.00114651193614e-08
3539 9.98486722830647e-09
