# iter  L2_error
0 7.07140824664205e-03
1 6.41161406262163e-03
2 5.89620367551052e-03
3 5.45151136062829e-03
4 5.05350633340537e-03
5 4.68958905964765e-03
6 4.35179696095168e-03
7 4.03480760665810e-03
8 3.73504375478610e-03
9 3.45015886605933e-03
10 3.17870098874052e-03
11 2.91987355452377e-03
12 2.67335226979339e-03
13 2.43913660864242e-03
14 2.21742539694466e-03
15 2.00851233480714e-03
16 1.81270056722550e-03
17 1.63023653666763e-03
18 1.46126312407487e-03
19 1.30579118344139e-03
20 1.16368752547964e-03
21 1.03467654557026e-03
22 9.18352176184629e-04
23 8.14196693478294e-04
24 7.21603063891458e-04
25 6.39897897440648e-04
26 5.68362611401372e-04
27 5.06251066952414e-04
28 4.52802724403498e-04
29 4.07251284118915e-04
30 3.68829804516642e-04
31 3.36774243809278e-04
32 3.10327908317488e-04
33 2.95013563514544e-04
34 2.85363734834934e-04
35 2.77854465247242e-04
36 2.72011514140714e-04
37 2.67445257512446e-04
38 2.63843190474130e-04
39 2.60959734515374e-04
40 2.58605205765300e-04
41 2.56635223232335e-04
42 2.54941273988692e-04
43 2.53442725309281e-04
44 2.52080300675894e-04
45 2.50810888834448e-04
46 2.49603492871662e-04
47 2.48436115046153e-04
48 2.47293388339273e-04
49 2.46164792032797e-04
50 2.45043317409538e-04
51 2.43924476578308e-04
52 2.42805570651233e-04
53 2.41685152637473e-04
54 2.40562635709455e-04
55 2.39438009474496e-04
56 2.38311636127450e-04
57 2.37184105422513e-04
58 2.36056132754859e-04
59 2.34928488677584e-04
60 2.33801951207265e-04
61 2.32677274534873e-04
62 2.31555169445949e-04
63 2.30436292007836e-04
64 2.29321238012808e-04
65 2.28210541352617e-04
66 2.27104675009329e-04
67 2.26004053719384e-04
68 2.24909037642123e-04
69 2.23819936565341e-04
70 2.22737014324021e-04
71 2.21660493215538e-04
72 2.20590558269386e-04
73 2.19527361283482e-04
74 2.18471024577737e-04
75 2.17421644440511e-04
76 2.16379294264023e-04
77 2.15344027373703e-04
78 2.14315879566581e-04
79 2.13294871376653e-04
80 2.12281010088527e-04
81 2.11274291520797e-04
82 2.10274701600984e-04
83 2.09282217752675e-04
84 2.08296810114606e-04
85 2.07318442609923e-04
86 2.06347073882586e-04
87 2.05382658115642e-04
88 2.04425145745651e-04
89 2.03474484085525e-04
90 2.02530617866395e-04
91 2.01593489708970e-04
92 2.00663040532526e-04
93 1.99739209909734e-04
94 1.98821936373570e-04
95 1.97911157682925e-04
96 1.97006811051671e-04
97 1.96108833346171e-04
98 1.95217161254917e-04
99 1.94331731434342e-04
100 1.93452480633412e-04
101 1.92579345800244e-04
102 1.91712264172584e-04
103 1.90851173354513e-04
104 1.89996011381545e-04
105 1.89146716774770e-04
106 1.88303228586486e-04
107 1.87465486437687e-04
108 1.86633430548948e-04
109 1.85807001765503e-04
110 1.84986141577096e-04
111 1.84170792133772e-04
112 1.83360896257527e-04
113 1.82556397450980e-04
114 1.81757239903348e-04
115 1.80963368493762e-04
116 1.80174728792776e-04
117 1.79391267061920e-04
118 1.78612930252087e-04
119 1.77839666000286e-04
120 1.77071422625610e-04
121 1.76308149124225e-04
122 1.75549795163582e-04
123 1.74796311075868e-04
124 1.74047647851368e-04
125 1.73303757130918e-04
126 1.72564591198238e-04
127 1.71830102972059e-04
128 1.71100245997956e-04
129 1.70374974439922e-04
130 1.69654243072070e-04
131 1.68938007270014e-04
132 1.68226223002419e-04
133 1.67518846822255e-04
134 1.66815835858474e-04
135 1.66117147807296e-04
136 1.65422740923725e-04
137 1.64732574013254e-04
138 1.64046606423313e-04
139 1.63364798035198e-04
140 1.62687109255743e-04
141 1.62013501009183e-04
142 1.61343934729392e-04
143 1.60678372351768e-04
144 1.60016776305499e-04
145 1.59359109506074e-04
146 1.58705335347499e-04
147 1.58055417694993e-04
148 1.57409320877705e-04
149 1.56767009681456e-04
150 1.56128449341566e-04
151 1.55493605536119e-04
152 1.54862444378905e-04
153 1.54234932412774e-04
154 1.53611036602959e-04
155 1.52990724330720e-04
156 1.52373963386671e-04
157 1.51760721964791e-04
158 1.51150968656032e-04
159 1.50544672442297e-04
160 1.49941802690577e-04
161 1.49342329146953e-04
162 1.48746221930867e-04
163 1.48153451529493e-04
164 1.47563988792171e-04
165 1.46977804924911e-04
166 1.46394871485035e-04
167 1.45815160375883e-04
168 1.45238643841699e-04
169 1.44665294462399e-04
170 1.44095085148660e-04
171 1.43527989137028e-04
172 1.42963979984981e-04
173 1.42403031566246e-04
174 1.41845118066088e-04
175 1.41290213976748e-04
176 1.40738294092896e-04
177 1.40189333507243e-04
178 1.39643307606186e-04
179 1.39100192065410e-04
180 1.38559962845845e-04
181 1.38022596189358e-04
182 1.37488068614829e-04
183 1.36956356914071e-04
184 1.36427438147881e-04
185 1.35901289642184e-04
186 1.35377888984335e-04
187 1.34857214019189e-04
188 1.34339242845560e-04
189 1.33823953812606e-04
190 1.33311325516175e-04
191 1.32801336795435e-04
192 1.32293966729302e-04
193 1.31789194633179e-04
194 1.31287000055581e-04
195 1.30787362774847e-04
196 1.30290262795899e-04
197 1.29795680347205e-04
198 1.29303595877509e-04
199 1.28813990052839e-04
200 1.28326843753521e-04
201 1.27842138071186e-04
202 1.27359854305777e-04
203 1.26879973962901e-04
204 1.26402478750733e-04
205 1.25927350577413e-04
206 1.25454571548306e-04
207 1.24984123963233e-04
208 1.24515990313855e-04
209 1.24050153281125e-04
210 1.23586595732621e-04
211 1.23125300720168e-04
212 1.22666251477233e-04
213 1.22209431416492e-04
214 1.21754824127453e-04
215 1.21302413374192e-04
216 1.20852183092782e-04
217 1.20404117389257e-04
218 1.19958200537130e-04
219 1.19514416975392e-04
220 1.19072751306124e-04
221 1.18633188292434e-04
222 1.18195712856382e-04
223 1.17760310076829e-04
224 1.17326965187348e-04
225 1.16895663574250e-04
226 1.16466390774638e-04
227 1.16039132474360e-04
228 1.15613874506090e-04
229 1.15190602847451e-04
230 1.14769303619163e-04
231 1.14349963083093e-04
232 1.13932567640570e-04
233 1.13517103830502e-04
234 1.13103558327635e-04
235 1.12691917940875e-04
236 1.12282169611439e-04
237 1.11874300411284e-04
238 1.11468297541461e-04
239 1.11064148330366e-04
240 1.10661840232238e-04
241 1.10261360825467e-04
242 1.09862697811179e-04
243 1.09465839011557e-04
244 1.09070772368336e-04
245 1.08677485941405e-04
246 1.08285967907230e-04
247 1.07896206557415e-04
248 1.07508190297391e-04
249 1.07121907644807e-04
250 1.06737347228283e-04
251 1.06354497785956e-04
252 1.05973348164257e-04
253 1.05593887316425e-04
254 1.05216104301291e-04
255 1.04839988281945e-04
256 1.04465528524488e-04
257 1.04092714396769e-04
258 1.03721535367127e-04
259 1.03351981003166e-04
260 1.02984040970614e-04
261 1.02617705032090e-04
262 1.02252963045894e-04
263 1.01889804964956e-04
264 1.01528220835602e-04
265 1.01168200796500e-04
266 1.00809735077526e-04
267 1.00452813998652e-04
268 1.00097427968959e-04
269 9.97435674854286e-05
270 9.93912231321130e-05
271 9.90403855788796e-05
272 9.86910455805128e-05
273 9.83431939757530e-05
274 9.79968216862093e-05
275 9.76519197154174e-05
276 9.73084791479706e-05
277 9.69664911484046e-05
278 9.66259469604129e-05
279 9.62868379058469e-05
280 9.59491553838429e-05
281 9.56128908698868e-05
282 9.52780359149799e-05
283 9.49445821447548e-05
284 9.46125212585629e-05
285 9.42818450286760e-05
286 9.39525452994626e-05
287 9.36246139865190e-05
288 9.32980430759070e-05
289 9.29728246232857e-05
290 9.26489507531413e-05
291 9.23264136580479e-05
292 9.20052055978675e-05
293 9.16853188989518e-05
294 9.13667459534642e-05
295 9.10494792185512e-05
296 9.07335112157194e-05
297 9.04188345299861e-05
298 9.01054418092936e-05
299 8.97933257637189e-05
300 8.94824791647942e-05
301 8.91728948448731e-05
302 8.88645656963919e-05
303 8.85574846712333e-05
304 8.82516447800850e-05
305 8.79470390917686e-05
306 8.76436607325794e-05
307 8.73415028856837e-05
308 8.70405587905118e-05
309 8.67408217420952e-05
310 8.64422850904734e-05
311 8.61449422401398e-05
312 8.58487866493481e-05
313 8.55538118296798e-05
314 8.52600113452998e-05
315 8.49673788124848e-05
316 8.46759078990827e-05
317 8.43855923238023e-05
318 8.40964258559216e-05
319 8.38084023145289e-05
320 8.35215155680411e-05
321 8.32357595337371e-05
322 8.29511281771856e-05
323 8.26676155117479e-05
324 8.23852155980156e-05
325 8.21039225434459e-05
326 8.18237305016875e-05
327 8.15446336722585e-05
328 8.12666262999324e-05
329 8.09897026743448e-05
330 8.07138571294696e-05
331 8.04390840432149e-05
332 8.01653778369066e-05
333 7.98927329748309e-05
334 7.96211439638630e-05
335 7.93506053529456e-05
336 7.90811117326490e-05
337 7.88126577348603e-05
338 7.85452380321741e-05
339 7.82788473376306e-05
340 7.80134804041803e-05
341 7.77491320243638e-05
342 7.74857970298730e-05
343 7.72234702911252e-05
344 7.69621467169032e-05
345 7.67018212539806e-05
346 7.64424888866626e-05
347 7.61841446364623e-05
348 7.59267835617315e-05
349 7.56704007572328e-05
350 7.54149913538314e-05
351 7.51605505181096e-05
352 7.49070734520171e-05
353 7.46545553924614e-05
354 7.44029916110561e-05
355 7.41523774136721e-05
356 7.39027081401671e-05
357 7.36539791640615e-05
358 7.34061858920875e-05
359 7.31593237640049e-05
360 7.29133882521999e-05
361 7.26683748613644e-05
362 7.24242791281697e-05
363 7.21810966210010e-05
364 7.19388229396070e-05
365 7.16974537147872e-05
366 7.14569846081240e-05
367 7.12174113116501e-05
368 7.09787295475609e-05
369 7.07409350679305e-05
370 7.05040236544108e-05
371 7.02679911179829e-05
372 7.00328332985792e-05
373 6.97985460649417e-05
374 6.95651253141970e-05
375 6.93325669717369e-05
376 6.91008669908179e-05
377 6.88700213523570e-05
378 6.86400260646749e-05
379 6.84108771632054e-05
380 6.81825707102415e-05
381 6.79551027947265e-05
382 6.77284695319381e-05
383 6.75026670632773e-05
384 6.72776915560154e-05
385 6.70535392030575e-05
386 6.68302062226800e-05
387 6.66076888583204e-05
388 6.63859833783357e-05
389 6.61650860757329e-05
390 6.59449932680315e-05
391 6.57257012969109e-05
392 6.55072065280909e-05
393 6.52895053510723e-05
394 6.50725941789210e-05
395 6.48564694480288e-05
396 6.46411276179157e-05
397 6.44265651710394e-05
398 6.42127786125447e-05
399 6.39997644701139e-05
400 6.37875192936987e-05
401 6.35760396553519e-05
402 6.33653221490194e-05
403 6.31553633903334e-05
404 6.29461600164593e-05
405 6.27377086858656e-05
406 6.25300060780799e-05
407 6.23230488936243e-05
408 6.21168338537389e-05
409 6.19113577002115e-05
410 6.17066171951814e-05
411 6.15026091210161e-05
412 6.12993302801029e-05
413 6.10967774946112e-05
414 6.08949476063926e-05
415 6.06938374768074e-05
416 6.04934439865181e-05
417 6.02937640353030e-05
418 6.00947945419502e-05
419 5.98965324440543e-05
420 5.96989746978581e-05
421 5.95021182780667e-05
422 5.93059601777361e-05
423 5.91104974080905e-05
424 5.89157269983459e-05
425 5.87216459955834e-05
426 5.85282514645743e-05
427 5.83355404876466e-05
428 5.81435101645114e-05
429 5.79521576121576e-05
430 5.77614799646652e-05
431 5.75714743730640e-05
432 5.73821380051755e-05
433 5.71934680455335e-05
434 5.70054616951790e-05
435 5.68181161715404e-05
436 5.66314287083257e-05
437 5.64453965553030e-05
438 5.62600169782866e-05
439 5.60752872588744e-05
440 5.58912046944244e-05
441 5.57077665978713e-05
442 5.55249702975798e-05
443 5.53428131372839e-05
444 5.51612924758533e-05
445 5.49804056873097e-05
446 5.48001501605590e-05
447 5.46205232993791e-05
448 5.44415225222154e-05
449 5.42631452621453e-05
450 5.40853889666719e-05
451 5.39082510976514e-05
452 5.37317291312151e-05
453 5.35558205575700e-05
454 5.33805228809348e-05
455 5.32058336194197e-05
456 5.30317503049186e-05
457 5.28582704830015e-05
458 5.26853917127676e-05
459 5.25131115668071e-05
460 5.23414276310122e-05
461 5.21703375045563e-05
462 5.19998387996958e-05
463 5.18299291417517e-05
464 5.16606061689560e-05
465 5.14918675323803e-05
466 5.13237108957849e-05
467 5.11561339355825e-05
468 5.09891343407077e-05
469 5.08227098125038e-05
470 5.06568580646620e-05
471 5.04915768230901e-05
472 5.03268638258462e-05
473 5.01627168230501e-05
474 4.99991335767342e-05
475 4.98361118608197e-05
476 4.96736494609973e-05
477 4.95117441746098e-05
478 4.93503938106270e-05
479 4.91895961894993e-05
480 4.90293491430744e-05
481 4.88696505145780e-05
482 4.87104981584140e-05
483 4.85518899401797e-05
484 4.83938237365579e-05
485 4.82362974351905e-05
486 4.80793089346240e-05
487 4.79228561442773e-05
488 4.77669369842345e-05
489 4.76115493853154e-05
490 4.74566912889148e-05
491 4.73023606468930e-05
492 4.71485554215628e-05
493 4.69952735856044e-05
494 4.68425131219635e-05
495 4.66902720237820e-05
496 4.65385482943190e-05
497 4.63873399469069e-05
498 4.62366450048252e-05
499 4.60864615013149e-05
500 4.59367874793882e-05
501 4.57876209918636e-05
502 4.56389601012284e-05
503 4.54908028796110e-05
504 4.53431474086800e-05
505 4.51959917795887e-05
506 4.50493340929238e-05
507 4.49031724586142e-05
508 4.47575049958544e-05
509 4.46123298330878e-05
510 4.44676451079004e-05
511 4.43234489669488e-05
512 4.41797395659282e-05
513 4.40365150695072e-05
514 4.38937736512189e-05
515 4.37515134934735e-05
516 4.36097327874132e-05
517 4.34684297329333e-05
518 4.33276025385465e-05
519 4.31872494213926e-05
520 4.30473686071173e-05
521 4.29079583298518e-05
522 4.27690168321349e-05
523 4.26305423648685e-05
524 4.24925331872824e-05
525 4.23549875668043e-05
526 4.22179037790938e-05
527 4.20812801079102e-05
528 4.19451148451051e-05
529 4.18094062905607e-05
530 4.16741527521217e-05
531 4.15393525455389e-05
532 4.14050039944442e-05
533 4.12711054302720e-05
534 4.11376551922108e-05
535 4.10046516271516e-05
536 4.08720930896692e-05
537 4.07399779418927e-05
538 4.06083045535646e-05
539 4.04770713018885e-05
540 4.03462765715248e-05
541 4.02159187545697e-05
542 4.00859962504572e-05
543 3.99565074659256e-05
544 3.98274508149925e-05
545 3.96988247188919e-05
546 3.95706276059872e-05
547 3.94428579118157e-05
548 3.93155140789736e-05
549 3.91885945570592e-05
550 3.90620978027027e-05
551 3.89360222794521e-05
552 3.88103664577383e-05
553 3.86851288148712e-05
554 3.85603078349575e-05
555 3.84359020088634e-05
556 3.83119098341830e-05
557 3.81883298152167e-05
558 3.80651604628630e-05
559 3.79424002946424e-05
560 3.78200478346285e-05
561 3.76981016134016e-05
562 3.75765601680170e-05
563 3.74554220419868e-05
564 3.73346857851900e-05
565 3.72143499538742e-05
566 3.70944131105940e-05
567 3.69748738241952e-05
568 3.68557306697647e-05
569 3.67369822285549e-05
570 3.66186270880201e-05
571 3.65006638417267e-05
572 3.63830910893147e-05
573 3.62659074365053e-05
574 3.61491114950006e-05
575 3.60327018825123e-05
576 3.59166772226629e-05
577 3.58010361450036e-05
578 3.56857772849558e-05
579 3.55708992837587e-05
580 3.54564007884868e-05
581 3.53422804519417e-05
582 3.52285369326883e-05
583 3.51151688949645e-05
584 3.50021750087142e-05
585 3.48895539494645e-05
586 3.47773043983631e-05
587 3.46654250421362e-05
588 3.45539145730381e-05
589 3.44427716888025e-05
590 3.43319950926579e-05
591 3.42215834932623e-05
592 3.41115356046735e-05
593 3.40018501463293e-05
594 3.38925258430223e-05
595 3.37835614248461e-05
596 3.36749556271776e-05
597 3.35667071906393e-05
598 3.34588148611086e-05
599 3.33512773896162e-05
600 3.32440935323844e-05
601 3.31372620507522e-05
602 3.30307817111799e-05
603 3.29246512851939e-05
604 3.28188695493697e-05
605 3.27134352853106e-05
606 3.26083472796033e-05
607 3.25036043238040e-05
608 3.23992052144039e-05
609 3.22951487528045e-05
610 3.21914337452821e-05
611 3.20880590029847e-05
612 3.19850233418496e-05
613 3.18823255826866e-05
614 3.17799645510043e-05
615 3.16779390771147e-05
616 3.15762479960178e-05
617 3.14748901474355e-05
618 3.13738643757461e-05
619 3.12731695299821e-05
620 3.11728044638045e-05
621 3.10727680354521e-05
622 3.09730591077470e-05
623 3.08736765480687e-05
624 3.07746192283049e-05
625 3.06758860248356e-05
626 3.05774758185339e-05
627 3.04793874947261e-05
628 3.03816199431354e-05
629 3.02841720579307e-05
630 3.01870427376259e-05
631 3.00902308851215e-05
632 2.99937354076220e-05
633 2.98975552166649e-05
634 2.98016892280831e-05
635 2.97061363619561e-05
636 2.96108955426179e-05
637 2.95159656986265e-05
638 2.94213457627372e-05
639 2.93270346718902e-05
640 2.92330313671828e-05
641 2.91393347938294e-05
642 2.90459439011805e-05
643 2.89528576426901e-05
644 2.88600749758536e-05
645 2.87675948622220e-05
646 2.86754162674174e-05
647 2.85835381610200e-05
648 2.84919595166411e-05
649 2.84006793118298e-05
650 2.83096965281100e-05
651 2.82190101509284e-05
652 2.81286191696395e-05
653 2.80385225774815e-05
654 2.79487193715793e-05
655 2.78592085529007e-05
656 2.77699891262588e-05
657 2.76810601002461e-05
658 2.75924204872907e-05
659 2.75040693035755e-05
660 2.74160055690534e-05
661 2.73282283073844e-05
662 2.72407365459956e-05
663 2.71535293159817e-05
664 2.70666056521318e-05
665 2.69799645929054e-05
666 2.68936051804028e-05
667 2.68075264603566e-05
668 2.67217274821248e-05
669 2.66362072986277e-05
670 2.65509649664000e-05
671 2.64659995455267e-05
672 2.63813100996215e-05
673 2.62968956958363e-05
674 2.62127554048212e-05
675 2.61288883007382e-05
676 2.60452934612221e-05
677 2.59619699673514e-05
678 2.58789169036497e-05
679 2.57961333580826e-05
680 2.57136184220124e-05
681 2.56313711902056e-05
682 2.55493907607906e-05
683 2.54676762352685e-05
684 2.53862267185000e-05
685 2.53050413186494e-05
686 2.52241191472247e-05
687 2.51434593189959e-05
688 2.50630609520657e-05
689 2.49829231677578e-05
690 2.49030450906858e-05
691 2.48234258486832e-05
692 2.47440645728098e-05
693 2.46649603973425e-05
694 2.45861124597306e-05
695 2.45075199006429e-05
696 2.44291818638629e-05
697 2.43510974963647e-05
698 2.42732659482356e-05
699 2.41956863727007e-05
700 2.41183579260618e-05
701 2.40412797677623e-05
702 2.39644510602813e-05
703 2.38878709691772e-05
704 2.38115386630664e-05
705 2.37354533136037e-05
706 2.36596140954506e-05
707 2.35840201862903e-05
708 2.35086707668163e-05
709 2.34335650206700e-05
710 2.33587021344968e-05
711 2.32840812978870e-05
712 2.32097017033595e-05
713 2.31355625464045e-05
714 2.30616630253714e-05
715 2.29880023415664e-05
716 2.29145796991505e-05
717 2.28413943051852e-05
718 2.27684453695989e-05
719 2.26957321051503e-05
720 2.26232537274648e-05
721 2.25510094549828e-05
722 2.24789985089622e-05
723 2.24072201134701e-05
724 2.23356734953583e-05
725 2.22643578842678e-05
726 2.21932725125854e-05
727 2.21224166154905e-05
728 2.20517894308606e-05
729 2.19813901993414e-05
730 2.19112181642786e-05
731 2.18412725717349e-05
732 2.17715526704595e-05
733 2.17020577119016e-05
734 2.16327869501737e-05
735 2.15637396420371e-05
736 2.14949150469299e-05
737 2.14263124269188e-05
738 2.13579310466896e-05
739 2.12897701735517e-05
740 2.12218290774220e-05
741 2.11541070308022e-05
742 2.10866033087920e-05
743 2.10193171890641e-05
744 2.09522479518281e-05
745 2.08853948798676e-05
746 2.08187572585061e-05
747 2.07523343755881e-05
748 2.06861255214714e-05
749 2.06201299890377e-05
750 2.05543470736604e-05
751 2.04887760731984e-05
752 2.04234162879780e-05
753 2.03582670208092e-05
754 2.02933275769629e-05
755 2.02285972641258e-05
756 2.01640753924555e-05
757 2.00997612745155e-05
758 2.00356542252835e-05
759 1.99717535621572e-05
760 1.99080586049230e-05
761 1.98445686757441e-05
762 1.97812830991809e-05
763 1.97182012021496e-05
764 1.96553223139094e-05
765 1.95926457661036e-05
766 1.95301708926732e-05
767 1.94678970299082e-05
768 1.94058235164176e-05
769 1.93439496931101e-05
770 1.92822749032079e-05
771 1.92207984922192e-05
772 1.91595198079189e-05
773 1.90984382003825e-05
774 1.90375530219186e-05
775 1.89768636271106e-05
776 1.89163693727765e-05
777 1.88560696179736e-05
778 1.87959637239891e-05
779 1.87360510543249e-05
780 1.86763309746881e-05
781 1.86168028529932e-05
782 1.85574660593418e-05
783 1.84983199660147e-05
784 1.84393639474728e-05
785 1.83805973803506e-05
786 1.83220196434177e-05
787 1.82636301176037e-05
788 1.82054281859900e-05
789 1.81474132337635e-05
790 1.80895846482530e-05
791 1.80319418188875e-05
792 1.79744841372210e-05
793 1.79172109968923e-05
794 1.78601217936334e-05
795 1.78032159252443e-05
796 1.77464927916264e-05
797 1.76899517947284e-05
798 1.76335923385448e-05
799 1.75774138291328e-05
800 1.75214156746005e-05
801 1.74655972850735e-05
802 1.74099580726968e-05
803 1.73544974516539e-05
804 1.72992148381209e-05
805 1.72441096502801e-05
806 1.71891813083153e-05
807 1.71344292343730e-05
808 1.70798528526131e-05
809 1.70254515891296e-05
810 1.69712248720077e-05
811 1.69171721312727e-05
812 1.68632927989037e-05
813 1.68095863088219e-05
814 1.67560520968682e-05
815 1.67026896008390e-05
816 1.66494982604149e-05
817 1.65964775172022e-05
818 1.65436268147123e-05
819 1.64909455983592e-05
820 1.64384333154251e-05
821 1.63860894150942e-05
822 1.63339133484188e-05
823 1.62819045683226e-05
824 1.62300625295767e-05
825 1.61783866888169e-05
826 1.61268765045214e-05
827 1.60755314370108e-05
828 1.60243509484394e-05
829 1.59733345027801e-05
830 1.59224815658390e-05
831 1.58717916052109e-05
832 1.58212640903131e-05
833 1.57708984923428e-05
834 1.57206942843272e-05
835 1.56706509410350e-05
836 1.56207679390341e-05
837 1.55710447566662e-05
838 1.55214808740254e-05
839 1.54720757729684e-05
840 1.54228289371066e-05
841 1.53737398517947e-05
842 1.53248080041343e-05
843 1.52760328829363e-05
844 1.52274139787564e-05
845 1.51789507838660e-05
846 1.51306427922518e-05
847 1.50824894995970e-05
848 1.50344904032838e-05
849 1.49866450024048e-05
850 1.49389527977222e-05
851 1.48914132916865e-05
852 1.48440259884322e-05
853 1.47967903937451e-05
854 1.47497060150806e-05
855 1.47027723615475e-05
856 1.46559889439324e-05
857 1.46093552746192e-05
858 1.45628708676648e-05
859 1.45165352387346e-05
860 1.44703479051555e-05
861 1.44243083858331e-05
862 1.43784162013155e-05
863 1.43326708737393e-05
864 1.42870719268722e-05
865 1.42416188860372e-05
866 1.41963112781907e-05
867 1.41511486318476e-05
868 1.41061304771111e-05
869 1.40612563456452e-05
870 1.40165257707156e-05
871 1.39719382871004e-05
872 1.39274934311743e-05
873 1.38831907408441e-05
874 1.38390297555697e-05
875 1.37950100163540e-05
876 1.37511310657037e-05
877 1.37073924477017e-05
878 1.36637937079178e-05
879 1.36203343934485e-05
880 1.35770140529076e-05
881 1.35338322364044e-05
882 1.34907884955620e-05
883 1.34478823834897e-05
884 1.34051134548000e-05
885 1.33624812655666e-05
886 1.33199853733593e-05
887 1.32776253372243e-05
888 1.32354007176670e-05
889 1.31933110766585e-05
890 1.31513559776374e-05
891 1.31095349854774e-05
892 1.30678476665173e-05
893 1.30262935885298e-05
894 1.29848723207318e-05
895 1.29435834337594e-05
896 1.29024264996850e-05
897 1.28614010920119e-05
898 1.28205067856377e-05
899 1.27797431568926e-05
900 1.27391097835084e-05
901 1.26986062446076e-05
902 1.26582321207236e-05
903 1.26179869937843e-05
904 1.25778704470869e-05
905 1.25378820653180e-05
906 1.24980214345626e-05
907 1.24582881422378e-05
908 1.24186817771665e-05
909 1.23792019295052e-05
910 1.23398481907907e-05
911 1.23006201539051e-05
912 1.22615174130655e-05
913 1.22225395638503e-05
914 1.21836862031611e-05
915 1.21449569292587e-05
916 1.21063513417042e-05
917 1.20678690413954e-05
918 1.20295096305555e-05
919 1.19912727127215e-05
920 1.19531578927276e-05
921 1.19151647767247e-05
922 1.18772929721645e-05
923 1.18395420878077e-05
924 1.18019117336756e-05
925 1.17644015211132e-05
926 1.17270110627191e-05
927 1.16897399723858e-05
928 1.16525878652880e-05
929 1.16155543578500e-05
930 1.15786390677694e-05
931 1.15418416140170e-05
932 1.15051616168072e-05
933 1.14685986976036e-05
934 1.14321524791219e-05
935 1.13958225853361e-05
936 1.13596086414293e-05
937 1.13235102738482e-05
938 1.12875271102551e-05
939 1.12516587795362e-05
940 1.12159049118093e-05
941 1.11802651384047e-05
942 1.11447390918609e-05
943 1.11093264059351e-05
944 1.10740267155846e-05
945 1.10388396569768e-05
946 1.10037648674616e-05
947 1.09688019855786e-05
948 1.09339506510716e-05
949 1.08992105048662e-05
950 1.08645811890647e-05
951 1.08300623469313e-05
952 1.07956536229275e-05
953 1.07613546626666e-05
954 1.07271651129209e-05
955 1.06930846216535e-05
956 1.06591128379342e-05
957 1.06252494120297e-05
958 1.05914939953332e-05
959 1.05578462403791e-05
960 1.05243058008595e-05
961 1.04908723315841e-05
962 1.04575454885045e-05
963 1.04243249286904e-05
964 1.03912103103529e-05
965 1.03582012928078e-05
966 1.03252975365034e-05
967 1.02924987029713e-05
968 1.02598044548946e-05
969 1.02272144560374e-05
970 1.01947283712468e-05
971 1.01623458665090e-05
972 1.01300666088679e-05
973 1.00978902664857e-05
974 1.00658165085921e-05
975 1.00338450055035e-05
976 1.00019754286204e-05
977 9.97020745040887e-06
978 9.93854074442439e-06
979 9.90697498526436e-06
980 9.87550984861487e-06
981 9.84414501120922e-06
982 9.81288015084588e-06
983 9.78171494636607e-06
984 9.75064907767623e-06
985 9.71968222570316e-06
986 9.68881407244593e-06
987 9.65804430093014e-06
988 9.62737259520857e-06
989 9.59679864038456e-06
990 9.56632212257049e-06
991 9.53594272891502e-06
992 9.50566014758511e-06
993 9.47547406777118e-06
994 9.44538417967480e-06
995 9.41539017450038e-06
996 9.38549174446854e-06
997 9.35568858281059e-06
998 9.32598038374485e-06
999 9.29636684248767e-06
1000 9.26684765527368e-06
1001 9.23742251929828e-06
1002 9.20809113275532e-06
1003 9.17885319482748e-06
1004 9.14970840567057e-06
1005 9.12065646642084e-06
1006 9.09169707919218e-06
1007 9.06282994706475e-06
1008 9.03405477408542e-06
1009 9.00537126526902e-06
1010 8.97677912659725e-06
1011 8.94827806499098e-06
1012 8.91986778833902e-06
1013 8.89154800548107e-06
1014 8.86331842620522e-06
1015 8.83517876123673e-06
1016 8.80712872225471e-06
1017 8.77916802186079e-06
1018 8.75129637361028e-06
1019 8.72351349197609e-06
1020 8.69581909236683e-06
1021 8.66821289111786e-06
1022 8.64069460548303e-06
1023 8.61326395363916e-06
1024 8.58592065466606e-06
1025 8.55866442858747e-06
1026 8.53149499631606e-06
1027 8.50441207966239e-06
1028 8.47741540137250e-06
1029 8.45050468506723e-06
1030 8.42367965526488e-06
1031 8.39694003739955e-06
1032 8.37028555778014e-06
1033 8.34371594361525e-06
1034 8.31723092298719e-06
1035 8.29083022488481e-06
1036 8.26451357914323e-06
1037 8.23828071650312e-06
1038 8.21213136856689e-06
1039 8.18606526781234e-06
1040 8.16008214759318e-06
1041 8.13418174210456e-06
1042 8.10836378642821e-06
1043 8.08262801650069e-06
1044 8.05697416910657e-06
1045 8.03140198189716e-06
1046 8.00591119336465e-06
1047 7.98050154285705e-06
1048 7.95517277055807e-06
1049 7.92992461749985e-06
1050 7.90475682556617e-06
1051 7.87966913745629e-06
1052 7.85466129671317e-06
1053 7.82973304772485e-06
1054 7.80488413567344e-06
1055 7.78011430661700e-06
1056 7.75542330738898e-06
1057 7.73081088567304e-06
1058 7.70627678995111e-06
1059 7.68182076953987e-06
1060 7.65744257455866e-06
1061 7.63314195592787e-06
1062 7.60891866539150e-06
1063 7.58477245548703e-06
1064 7.56070307954918e-06
1065 7.53671029172924e-06
1066 7.51279384695292e-06
1067 7.48895350095851e-06
1068 7.46518901026459e-06
1069 7.44150013217970e-06
1070 7.41788662479634e-06
1071 7.39434824699897e-06
1072 7.37088475843583e-06
1073 7.34749591955142e-06
1074 7.32418149155973e-06
1075 7.30094123643247e-06
1076 7.27777491693563e-06
1077 7.25468229659354e-06
1078 7.23166313967845e-06
1079 7.20871721124925e-06
1080 7.18584427711654e-06
1081 7.16304410384312e-06
1082 7.14031645875950e-06
1083 7.11766110992616e-06
1084 7.09507782617843e-06
1085 7.07256637707739e-06
1086 7.05012653295106e-06
1087 7.02775806484773e-06
1088 7.00546074457510e-06
1089 6.98323434466730e-06
1090 6.96107863839094e-06
1091 6.93899339975670e-06
1092 6.91697840349584e-06
1093 6.89503342506952e-06
1094 6.87315824066956e-06
1095 6.85135262720605e-06
1096 6.82961636230934e-06
1097 6.80794922432681e-06
1098 6.78635099232951e-06
1099 6.76482144609488e-06
1100 6.74336036611248e-06
1101 6.72196753358472e-06
1102 6.70064273041481e-06
1103 6.67938573920839e-06
1104 6.65819634328307e-06
1105 6.63707432665076e-06
1106 6.61601947401358e-06
1107 6.59503157078086e-06
1108 6.57411040305451e-06
1109 6.55325575760328e-06
1110 6.53246742191345e-06
1111 6.51174518414949e-06
1112 6.49108883313907e-06
1113 6.47049815842250e-06
1114 6.44997295019811e-06
1115 6.42951299934073e-06
1116 6.40911809741054e-06
1117 6.38878803663607e-06
1118 6.36852260992084e-06
1119 6.34832161081396e-06
1120 6.32818483355983e-06
1121 6.30811207304766e-06
1122 6.28810312484054e-06
1123 6.26815778514577e-06
1124 6.24827585082686e-06
1125 6.22845711942948e-06
1126 6.20870138912112e-06
1127 6.18900845874591e-06
1128 6.16937812775430e-06
1129 6.14981019629763e-06
1130 6.13030446513460e-06
1131 6.11086073567309e-06
1132 6.09147880996531e-06
1133 6.07215849070151e-06
1134 6.05289958121151e-06
1135 6.03370188543791e-06
1136 6.01456520797826e-06
1137 5.99548935404923e-06
1138 5.97647412950741e-06
1139 5.95751934080529e-06
1140 5.93862479505061e-06
1141 5.91979029995506e-06
1142 5.90101566384715e-06
1143 5.88230069569546e-06
1144 5.86364520504623e-06
1145 5.84504900209659e-06
1146 5.82651189762515e-06
1147 5.80803370304046e-06
1148 5.78961423034830e-06
1149 5.77125329215683e-06
1150 5.75295070168619e-06
1151 5.73470627274791e-06
1152 5.71651981976774e-06
1153 5.69839115774918e-06
1154 5.68032010230001e-06
1155 5.66230646962883e-06
1156 5.64435007652767e-06
1157 5.62645074036813e-06
1158 5.60860827913291e-06
1159 5.59082251136701e-06
1160 5.57309325621718e-06
1161 5.55542033340126e-06
1162 5.53780356322263e-06
1163 5.52024276654866e-06
1164 5.50273776484478e-06
1165 5.48528838014311e-06
1166 5.46789443503431e-06
1167 5.45055575268392e-06
1168 5.43327215685376e-06
1169 5.41604347182738e-06
1170 5.39886952249221e-06
1171 5.38175013427202e-06
1172 5.36468513316482e-06
1173 5.34767434573412e-06
1174 5.33071759908325e-06
1175 5.31381472087810e-06
1176 5.29696553933838e-06
1177 5.28016988325092e-06
1178 5.26342758192624e-06
1179 5.24673846524421e-06
1180 5.23010236362145e-06
1181 5.21351910801516e-06
1182 5.19698852994194e-06
1183 5.18051046144999e-06
1184 5.16408473511515e-06
1185 5.14771118407419e-06
1186 5.13138964198496e-06
1187 5.11511994304706e-06
1188 5.09890192198408e-06
1189 5.08273541405403e-06
1190 5.06662025505317e-06
1191 5.05055628127724e-06
1192 5.03454332958912e-06
1193 5.01858123733708e-06
1194 5.00266984242670e-06
1195 4.98680898325103e-06
1196 4.97099849873575e-06
1197 4.95523822833052e-06
1198 4.93952801199113e-06
1199 4.92386769018859e-06
1200 4.90825710391629e-06
1201 4.89269609465773e-06
1202 4.87718450442602e-06
1203 4.86172217572121e-06
1204 4.84630895157245e-06
1205 4.83094467549523e-06
1206 4.81562919150166e-06
1207 4.80036234412672e-06
1208 4.78514397838135e-06
1209 4.76997393980048e-06
1210 4.75485207438632e-06
1211 4.73977822863871e-06
1212 4.72475224958036e-06
1213 4.70977398468971e-06
1214 4.69484328194098e-06
1215 4.67995998981914e-06
1216 4.66512395726574e-06
1217 4.65033503373061e-06
1218 4.63559306911964e-06
1219 4.62089791384556e-06
1220 4.60624941879446e-06
1221 4.59164743532788e-06
1222 4.57709181527381e-06
1223 4.56258241095348e-06
1224 4.54811907514766e-06
1225 4.53370166111250e-06
1226 4.51933002258358e-06
1227 4.50500401375579e-06
1228 4.49072348929182e-06
1229 4.47648830432729e-06
1230 4.46229831445420e-06
1231 4.44815337572671e-06
1232 4.43405334467497e-06
1233 4.41999807827182e-06
1234 4.40598743395079e-06
1235 4.39202126961378e-06
1236 4.37809944360459e-06
1237 4.36422181472980e-06
1238 4.35038824224417e-06
1239 4.33659858586090e-06
1240 4.32285270573031e-06
1241 4.30915046246159e-06
1242 4.29549171710274e-06
1243 4.28187633114913e-06
1244 4.26830416655262e-06
1245 4.25477508568054e-06
1246 4.24128895136419e-06
1247 4.22784562686272e-06
1248 4.21444497588384e-06
1249 4.20108686256493e-06
1250 4.18777115146404e-06
1251 4.17449770759629e-06
1252 4.16126639640957e-06
1253 4.14807708376184e-06
1254 4.13492963595454e-06
1255 4.12182391971746e-06
1256 4.10875980220487e-06
1257 4.09573715099440e-06
1258 4.08275583408329e-06
1259 4.06981571990710e-06
1260 4.05691667731262e-06
1261 4.04405857556050e-06
1262 4.03124128434372e-06
1263 4.01846467375130e-06
1264 4.00572861432033e-06
1265 3.99303297697261e-06
1266 3.98037763305406e-06
1267 3.96776245432311e-06
1268 3.95518731295140e-06
1269 3.94265208152030e-06
1270 3.93015663300831e-06
1271 3.91770084080296e-06
1272 3.90528457871450e-06
1273 3.89290772092775e-06
1274 3.88057014206197e-06
1275 3.86827171711502e-06
1276 3.85601232148977e-06
1277 3.84379183098471e-06
1278 3.83161012181322e-06
1279 3.81946707056288e-06
1280 3.80736255422623e-06
1281 3.79529645019628e-06
1282 3.78326863623444e-06
1283 3.77127899052669e-06
1284 3.75932739161316e-06
1285 3.74741371845923e-06
1286 3.73553785038635e-06
1287 3.72369966711393e-06
1288 3.71189904874946e-06
1289 3.70013587577755e-06
1290 3.68841002907550e-06
1291 3.67672138988219e-06
1292 3.66506983983863e-06
1293 3.65345526095354e-06
1294 3.64187753560704e-06
1295 3.63033654657045e-06
1296 3.61883217696640e-06
1297 3.60736431032058e-06
1298 3.59593283051054e-06
1299 3.58453762179421e-06
1300 3.57317856879844e-06
1301 3.56185555649832e-06
1302 3.55056847028864e-06
1303 3.53931719587112e-06
1304 3.52810161933908e-06
1305 3.51692162715848e-06
1306 3.50577710614706e-06
1307 3.49466794348955e-06
1308 3.48359402672304e-06
1309 3.47255524375462e-06
1310 3.46155148283749e-06
1311 3.45058263260362e-06
1312 3.43964858200859e-06
1313 3.42874922039157e-06
1314 3.41788443743114e-06
1315 3.40705412316289e-06
1316 3.39625816796068e-06
1317 3.38549646258231e-06
1318 3.37476889809730e-06
1319 3.36407536593966e-06
1320 3.35341575789447e-06
1321 3.34278996608473e-06
1322 3.33219788298199e-06
1323 3.32163940140016e-06
1324 3.31111441449367e-06
1325 3.30062281576445e-06
1326 3.29016449903732e-06
1327 3.27973935850865e-06
1328 3.26934728867891e-06
1329 3.25898818440422e-06
1330 3.24866194087383e-06
1331 3.23836845361355e-06
1332 3.22810761846236e-06
1333 3.21787933163805e-06
1334 3.20768348963966e-06
1335 3.19751998932286e-06
1336 3.18738872786575e-06
1337 3.17728960277459e-06
1338 3.16722251189688e-06
1339 3.15718735339009e-06
1340 3.14718402574295e-06
1341 3.13721242775582e-06
1342 3.12727245856977e-06
1343 3.11736401764739e-06
1344 3.10748700476065e-06
1345 3.09764132000330e-06
1346 3.08782686380333e-06
1347 3.07804353688270e-06
1348 3.06829124030250e-06
1349 3.05856987542546e-06
1350 3.04887934392827e-06
1351 3.03921954781763e-06
1352 3.02959038939914e-06
1353 3.01999177128813e-06
1354 3.01042359642188e-06
1355 3.00088576803761e-06
1356 2.99137818969085e-06
1357 2.98190076523585e-06
1358 2.97245339883214e-06
1359 2.96303599495665e-06
1360 2.95364845839468e-06
1361 2.94429069420067e-06
1362 2.93496260777799e-06
1363 2.92566410480672e-06
1364 2.91639509126348e-06
1365 2.90715547344273e-06
1366 2.89794515792152e-06
1367 2.88876405158632e-06
1368 2.87961206162155e-06
1369 2.87048909549619e-06
1370 2.86139506097821e-06
1371 2.85232986614090e-06
1372 2.84329341933812e-06
1373 2.83428562921886e-06
1374 2.82530640473396e-06
1375 2.81635565510493e-06
1376 2.80743328985442e-06
1377 2.79853921880033e-06
1378 2.78967335204188e-06
1379 2.78083559996000e-06
1380 2.77202587322562e-06
1381 2.76324408279768e-06
1382 2.75449013991530e-06
1383 2.74576395609565e-06
1384 2.73706544314953e-06
1385 2.72839451316571e-06
1386 2.71975107850796e-06
1387 2.71113505182651e-06
1388 2.70254634604340e-06
1389 2.69398487436010e-06
1390 2.68545055025750e-06
1391 2.67694328749304e-06
1392 2.66846300009200e-06
1393 2.66000960236749e-06
1394 2.65158300889116e-06
1395 2.64318313451358e-06
1396 2.63480989435420e-06
1397 2.62646320381546e-06
1398 2.61814297855220e-06
1399 2.60984913448963e-06
1400 2.60158158784307e-06
1401 2.59334025506427e-06
1402 2.58512505289054e-06
1403 2.57693589831803e-06
1404 2.56877270860929e-06
1405 2.56063540129937e-06
1406 2.55252389416891e-06
1407 2.54443810527324e-06
1408 2.53637795291809e-06
1409 2.52834335568126e-06
1410 2.52033423239801e-06
1411 2.51235050215798e-06
1412 2.50439208430634e-06
1413 2.49645889846113e-06
1414 2.48855086446518e-06
1415 2.48066790245355e-06
1416 2.47280993278408e-06
1417 2.46497687609600e-06
1418 2.45716865326176e-06
1419 2.44938518541165e-06
1420 2.44162639393857e-06
1421 2.43389220045979e-06
1422 2.42618252686965e-06
1423 2.41849729529853e-06
1424 2.41083642812207e-06
1425 2.40319984797322e-06
1426 2.39558747771249e-06
1427 2.38799924048270e-06
1428 2.38043505962570e-06
1429 2.37289485875908e-06
1430 2.36537856173697e-06
1431 2.35788609265663e-06
1432 2.35041737584156e-06
1433 2.34297233588365e-06
1434 2.33555089760065e-06
1435 2.32815298603807e-06
1436 2.32077852649635e-06
1437 2.31342744451832e-06
1438 2.30609966585895e-06
1439 2.29879511654476e-06
1440 2.29151372280210e-06
1441 2.28425541112011e-06
1442 2.27702010820367e-06
1443 2.26980774101041e-06
1444 2.26261823671067e-06
1445 2.25545152271194e-06
1446 2.24830752666718e-06
1447 2.24118617643765e-06
1448 2.23408740013072e-06
1449 2.22701112608150e-06
1450 2.21995728283994e-06
1451 2.21292579919676e-06
1452 2.20591660416166e-06
1453 2.19892962698501e-06
1454 2.19196479712132e-06
1455 2.18502204426456e-06
1456 2.17810129832727e-06
1457 2.17120248945201e-06
1458 2.16432554798947e-06
1459 2.15747040452709e-06
1460 2.15063698985626e-06
1461 2.14382523501522e-06
1462 2.13703507122915e-06
1463 2.13026642996678e-06
1464 2.12351924291013e-06
1465 2.11679344194939e-06
1466 2.11008895920074e-06
1467 2.10340572699592e-06
1468 2.09674367787868e-06
1469 2.09010274460609e-06
1470 2.08348286015078e-06
1471 2.07688395771389e-06
1472 2.07030597067990e-06
1473 2.06374883266326e-06
1474 2.05721247749130e-06
1475 2.05069683918826e-06
1476 2.04420185201646e-06
1477 2.03772745040694e-06
1478 2.03127356903934e-06
1479 2.02484014277594e-06
1480 2.01842710669712e-06
1481 2.01203439608192e-06
1482 2.00566194642092e-06
1483 1.99930969340516e-06
1484 1.99297757294786e-06
1485 1.98666552114267e-06
1486 1.98037347429643e-06
1487 1.97410136892111e-06
1488 1.96784914173017e-06
1489 1.96161672963598e-06
1490 1.95540406974965e-06
1491 1.94921109938365e-06
1492 1.94303775606116e-06
1493 1.93688397748497e-06
1494 1.93074970156849e-06
1495 1.92463486642508e-06
1496 1.91853941035327e-06
1497 1.91246327185823e-06
1498 1.90640638963672e-06
1499 1.90036870258119e-06
1500 1.89435014977624e-06
1501 1.88835067050024e-06
1502 1.88237020423397e-06
1503 1.87640869064221e-06
1504 1.87046606957605e-06
1505 1.86454228109556e-06
1506 1.85863726543279e-06
1507 1.85275096302023e-06
1508 1.84688331447932e-06
1509 1.84103426062201e-06
1510 1.83520374243809e-06
1511 1.82939170112026e-06
1512 1.82359807803074e-06
1513 1.81782281473749e-06
1514 1.81206585297703e-06
1515 1.80632713468612e-06
1516 1.80060660197501e-06
1517 1.79490419714392e-06
1518 1.78921986267992e-06
1519 1.78355354123828e-06
1520 1.77790517567085e-06
1521 1.77227470901078e-06
1522 1.76666208446085e-06
1523 1.76106724541825e-06
1524 1.75549013545018e-06
1525 1.74993069831153e-06
1526 1.74438887792724e-06
1527 1.73886461841166e-06
1528 1.73335786404006e-06
1529 1.72786855928469e-06
1530 1.72239664878327e-06
1531 1.71694207734406e-06
1532 1.71150478996391e-06
1533 1.70608473181534e-06
1534 1.70068184822792e-06
1535 1.69529608471841e-06
1536 1.68992738698074e-06
1537 1.68457570086057e-06
1538 1.67924097240995e-06
1539 1.67392314781221e-06
1540 1.66862217345996e-06
1541 1.66333799588798e-06
1542 1.65807056181717e-06
1543 1.65281981812852e-06
1544 1.64758571187395e-06
1545 1.64236819028120e-06
1546 1.63716720073591e-06
1547 1.63198269080373e-06
1548 1.62681460819701e-06
1549 1.62166290081641e-06
1550 1.61652751670720e-06
1551 1.61140840409180e-06
1552 1.60630551136497e-06
1553 1.60121878706342e-06
1554 1.59614817991579e-06
1555 1.59109363878888e-06
1556 1.58605511272275e-06
1557 1.58103255092419e-06
1558 1.57602590273925e-06
1559 1.57103511770829e-06
1560 1.56606014550963e-06
1561 1.56110093598616e-06
1562 1.55615743914061e-06
1563 1.55122960512679e-06
1564 1.54631738428240e-06
1565 1.54142072707461e-06
1566 1.53653958414183e-06
1567 1.53167390627358e-06
1568 1.52682364443068e-06
1569 1.52198874971027e-06
1570 1.51716917336663e-06
1571 1.51236486682516e-06
1572 1.50757578164710e-06
1573 1.50280186956226e-06
1574 1.49804308244372e-06
1575 1.49329937232716e-06
1576 1.48857069139000e-06
1577 1.48385699196466e-06
1578 1.47915822655026e-06
1579 1.47447434776884e-06
1580 1.46980530841376e-06
1581 1.46515106142805e-06
1582 1.46051155988998e-06
1583 1.45588675704072e-06
1584 1.45127660625779e-06
1585 1.44668106109009e-06
1586 1.44210007520662e-06
1587 1.43753360243237e-06
1588 1.43298159674790e-06
1589 1.42844401227081e-06
1590 1.42392080327634e-06
1591 1.41941192416358e-06
1592 1.41491732950132e-06
1593 1.41043697398165e-06
1594 1.40597081245337e-06
1595 1.40151879990690e-06
1596 1.39708089146783e-06
1597 1.39265704241626e-06
1598 1.38824720816541e-06
1599 1.38385134427710e-06
1600 1.37946940644634e-06
1601 1.37510135051813e-06
1602 1.37074713246743e-06
1603 1.36640670841085e-06
1604 1.36208003462009e-06
1605 1.35776706748250e-06
1606 1.35346776354329e-06
1607 1.34918207946996e-06
1608 1.34490997207671e-06
1609 1.34065139831797e-06
1610 1.33640631527683e-06
1611 1.33217468018112e-06
1612 1.32795645038038e-06
1613 1.32375158338163e-06
1614 1.31956003679768e-06
1615 1.31538176841247e-06
1616 1.31121673610451e-06
1617 1.30706489791830e-06
1618 1.30292621201779e-06
1619 1.29880063670073e-06
1620 1.29468813038885e-06
1621 1.29058865165525e-06
1622 1.28650215918809e-06
1623 1.28242861181696e-06
1624 1.27836796850180e-06
1625 1.27432018831560e-06
1626 1.27028523049076e-06
1627 1.26626305436124e-06
1628 1.26225361940467e-06
1629 1.25825688523061e-06
1630 1.25427281156320e-06
1631 1.25030135827060e-06
1632 1.24634248534285e-06
1633 1.24239615287787e-06
1634 1.23846232113612e-06
1635 1.23454095046486e-06
1636 1.23063200138353e-06
1637 1.22673543449185e-06
1638 1.22285121053779e-06
1639 1.21897929039451e-06
1640 1.21511963504530e-06
1641 1.21127220561590e-06
1642 1.20743696334850e-06
1643 1.20361386959824e-06
1644 1.19980288585771e-06
1645 1.19600397373310e-06
1646 1.19221709495028e-06
1647 1.18844221136969e-06
1648 1.18467928495478e-06
1649 1.18092827781164e-06
1650 1.17718915213652e-06
1651 1.17346187028110e-06
1652 1.16974639469723e-06
1653 1.16604268794715e-06
1654 1.16235071272782e-06
1655 1.15867043185148e-06
1656 1.15500180824268e-06
1657 1.15134480495492e-06
1658 1.14769938513750e-06
1659 1.14406551208615e-06
1660 1.14044314918734e-06
1661 1.13683225996274e-06
1662 1.13323280803910e-06
1663 1.12964475714659e-06
1664 1.12606807116690e-06
1665 1.12250271405857e-06
1666 1.11894864992123e-06
1667 1.11540584294423e-06
1668 1.11187425745275e-06
1669 1.10835385787817e-06
1670 1.10484460875663e-06
1671 1.10134647475070e-06
1672 1.09785942062712e-06
1673 1.09438341125474e-06
1674 1.09091841163932e-06
1675 1.08746438686652e-06
1676 1.08402130216297e-06
1677 1.08058912284351e-06
1678 1.07716781434409e-06
1679 1.07375734220218e-06
1680 1.07035767208127e-06
1681 1.06696876974420e-06
1682 1.06359060104618e-06
1683 1.06022313197091e-06
1684 1.05686632860141e-06
1685 1.05352015714371e-06
1686 1.05018458389033e-06
1687 1.04685957525227e-06
1688 1.04354509774177e-06
1689 1.04024111798380e-06
1690 1.03694760269822e-06
1691 1.03366451872768e-06
1692 1.03039183299966e-06
1693 1.02712951256968e-06
1694 1.02387752457398e-06
1695 1.02063583626861e-06
1696 1.01740441500995e-06
1697 1.01418322825809e-06
1698 1.01097224357640e-06
1699 1.00777142862161e-06
1700 1.00458075117865e-06
1701 1.00140017910462e-06
1702 9.98229680370149e-07
1703 9.95069223061388e-07
1704 9.91918775342532e-07
1705 9.88778305497704e-07
1706 9.85647781902733e-07
1707 9.82527173031020e-07
1708 9.79416447465082e-07
1709 9.76315573877943e-07
1710 9.73224521054148e-07
1711 9.70143257858334e-07
1712 9.67071753268111e-07
1713 9.64009976366797e-07
1714 9.60957896309557e-07
1715 9.57915482381964e-07
1716 9.54882703931601e-07
1717 9.51859530441007e-07
1718 9.48845931457078e-07
1719 9.45841876643450e-07
1720 9.42847335758057e-07
1721 9.39862278637474e-07
1722 9.36886675239061e-07
1723 9.33920495594636e-07
1724 9.30963709844414e-07
1725 9.28016288219945e-07
1726 9.25078201050170e-07
1727 9.22149418745710e-07
1728 9.19229911819641e-07
1729 9.16319650880186e-07
1730 9.13418606630417e-07
1731 9.10526749856486e-07
1732 9.07644051449705e-07
1733 9.04770482386280e-07
1734 9.01906013729961e-07
1735 8.99050616648982e-07
1736 8.96204262403529e-07
1737 8.93366922323881e-07
1738 8.90538567849781e-07
1739 8.87719170511654e-07
1740 8.84908701920979e-07
1741 8.82107133782232e-07
1742 8.79314437899342e-07
1743 8.76530586153182e-07
1744 8.73755550517272e-07
1745 8.70989303054125e-07
1746 8.68231815925557e-07
1747 8.65483061357421e-07
1748 8.62743011691689e-07
1749 8.60011639334588e-07
1750 8.57288916798107e-07
1751 8.54574816666279e-07
1752 8.51869311623509e-07
1753 8.49172374436971e-07
1754 8.46483977943422e-07
1755 8.43804095096212e-07
1756 8.41132698906455e-07
1757 8.38469762496549e-07
1758 8.35815259052427e-07
1759 8.33169161846371e-07
1760 8.30531444255937e-07
1761 8.27902079726582e-07
1762 8.25281041777631e-07
1763 8.22668304041212e-07
1764 8.20063840214356e-07
1765 8.17467624071195e-07
1766 8.14879629491245e-07
1767 8.12299830425006e-07
1768 8.09728200889871e-07
1769 8.07164715013647e-07
1770 8.04609346987554e-07
1771 8.02062071099018e-07
1772 7.99522861692879e-07
1773 7.96991693223384e-07
1774 7.94468540209880e-07
1775 7.91953377257033e-07
1776 7.89446179041138e-07
1777 7.86946920338754e-07
1778 7.84455575993061e-07
1779 7.81972120914874e-07
1780 7.79496530118669e-07
1781 7.77028778688503e-07
1782 7.74568841777171e-07
1783 7.72116694638398e-07
1784 7.69672312589111e-07
1785 7.67235671018285e-07
1786 7.64806745402558e-07
1787 7.62385511302771e-07
1788 7.59971944353393e-07
1789 7.57566020252347e-07
1790 7.55167714784531e-07
1791 7.52777003826638e-07
1792 7.50393863294182e-07
1793 7.48018269219487e-07
1794 7.45650197693723e-07
1795 7.43289624872227e-07
1796 7.40936527008574e-07
1797 7.38590880417184e-07
1798 7.36252661490890e-07
1799 7.33921846698973e-07
1800 7.31598412579376e-07
1801 7.29282335750273e-07
1802 7.26973592906144e-07
1803 7.24672160810762e-07
1804 7.22378016304214e-07
1805 7.20091136294578e-07
1806 7.17811497763543e-07
1807 7.15539077785085e-07
1808 7.13273853473965e-07
1809 7.11015802044794e-07
1810 7.08764900765068e-07
1811 7.06521126986390e-07
1812 7.04284458128421e-07
1813 7.02054871683046e-07
1814 6.99832345212923e-07
1815 6.97616856352209e-07
1816 6.95408382806171e-07
1817 6.93206902348786e-07
1818 6.91012392826842e-07
1819 6.88824832150421e-07
1820 6.86644198318924e-07
1821 6.84470469377458e-07
1822 6.82303623453677e-07
1823 6.80143638749954e-07
1824 6.77990493519827e-07
1825 6.75844166103648e-07
1826 6.73704634898575e-07
1827 6.71571878381166e-07
1828 6.69445875080060e-07
1829 6.67326603611706e-07
1830 6.65214042650114e-07
1831 6.63108170931187e-07
1832 6.61008967267866e-07
1833 6.58916410536344e-07
1834 6.56830479679898e-07
1835 6.54751153706731e-07
1836 6.52678411690284e-07
1837 6.50612232789991e-07
1838 6.48552596205413e-07
1839 6.46499481201335e-07
1840 6.44452867141849e-07
1841 6.42412733411214e-07
1842 6.40379059490199e-07
1843 6.38351824914469e-07
1844 6.36331009291495e-07
1845 6.34316592281826e-07
1846 6.32308553625186e-07
1847 6.30306873108708e-07
1848 6.28311530590909e-07
1849 6.26322505992818e-07
1850 6.24339779307743e-07
1851 6.22363330586332e-07
1852 6.20393139933456e-07
1853 6.18429187537758e-07
1854 6.16471453625391e-07
1855 6.14519918516010e-07
1856 6.12574562553550e-07
1857 6.10635366175998e-07
1858 6.08702309863014e-07
1859 6.06775374186934e-07
1860 6.04854539739055e-07
1861 6.02939787201533e-07
1862 6.01031097313061e-07
1863 5.99128450854446e-07
1864 5.97231828697186e-07
1865 5.95341211750692e-07
1866 5.93456581003088e-07
1867 5.91577917491332e-07
1868 5.89705202305836e-07
1869 5.87838416601837e-07
1870 5.85977541613771e-07
1871 5.84122558601174e-07
1872 5.82273448908554e-07
1873 5.80430193937259e-07
1874 5.78592775146880e-07
1875 5.76761174031195e-07
1876 5.74935372182157e-07
1877 5.73115351225649e-07
1878 5.71301092843493e-07
1879 5.69492578792389e-07
1880 5.67689790869264e-07
1881 5.65892710947975e-07
1882 5.64101320940063e-07
1883 5.62315602823075e-07
1884 5.60535538635168e-07
1885 5.58761110471476e-07
1886 5.56992300469250e-07
1887 5.55229090845081e-07
1888 5.53471463856612e-07
1889 5.51719401827223e-07
1890 5.49972887112321e-07
1891 5.48231902158520e-07
1892 5.46496429448253e-07
1893 5.44766451514668e-07
1894 5.43041950964622e-07
1895 5.41322910444124e-07
1896 5.39609312659175e-07
1897 5.37901140375333e-07
1898 5.36198376402678e-07
1899 5.34501003614105e-07
1900 5.32809004933692e-07
1901 5.31122363338377e-07
1902 5.29441061862979e-07
1903 5.27765083592635e-07
1904 5.26094411667554e-07
1905 5.24429029286638e-07
1906 5.22768919683393e-07
1907 5.21114066174973e-07
1908 5.19464452101710e-07
1909 5.17820060880969e-07
1910 5.16180875953144e-07
1911 5.14546880840493e-07
1912 5.12918059107940e-07
1913 5.11294394360595e-07
1914 5.09675870273452e-07
1915 5.08062470561667e-07
1916 5.06454178997190e-07
1917 5.04850979400537e-07
1918 5.03252855641126e-07
1919 5.01659791663687e-07
1920 5.00071771413751e-07
1921 4.98488778932502e-07
1922 4.96910798292534e-07
1923 4.95337813625002e-07
1924 4.93769809103742e-07
1925 4.92206768949373e-07
1926 4.90648677455846e-07
1927 4.89095518937071e-07
1928 4.87547277770820e-07
1929 4.86003938386810e-07
1930 4.84465485260990e-07
1931 4.82931902914514e-07
1932 4.81403175928557e-07
1933 4.79879288918245e-07
1934 4.78360226568828e-07
1935 4.76845973585775e-07
1936 4.75336514738020e-07
1937 4.73831834845447e-07
1938 4.72331918776610e-07
1939 4.70836751438607e-07
1940 4.69346317798411e-07
1941 4.67860602860088e-07
1942 4.66379591677380e-07
1943 4.64903269361301e-07
1944 4.63431621055075e-07
1945 4.61964631958383e-07
1946 4.60502287322606e-07
1947 4.59044572429046e-07
1948 4.57591472617352e-07
1949 4.56142973272976e-07
1950 4.54699059828606e-07
1951 4.53259717759301e-07
1952 4.51824932586298e-07
1953 4.50394689888216e-07
1954 4.48968975263259e-07
1955 4.47547774376979e-07
1956 4.46131072945613e-07
1957 4.44718856699986e-07
1958 4.43311111458819e-07
1959 4.41907823047094e-07
1960 4.40508977352222e-07
1961 4.39114560311965e-07
1962 4.37724557902809e-07
1963 4.36338956126848e-07
1964 4.34957741057833e-07
1965 4.33580898807762e-07
1966 4.32208415531276e-07
1967 4.30840277408353e-07
1968 4.29476470701646e-07
1969 4.28116981678319e-07
1970 4.26761796665754e-07
1971 4.25410902032902e-07
1972 4.24064284204925e-07
1973 4.22721929628565e-07
1974 4.21383824802046e-07
1975 4.20049956265223e-07
1976 4.18720310611156e-07
1977 4.17394874455484e-07
1978 4.16073634486415e-07
1979 4.14756577398907e-07
1980 4.13443689949786e-07
1981 4.12134958941939e-07
1982 4.10830371203498e-07
1983 4.09529913623246e-07
1984 4.08233573112355e-07
1985 4.06941336643039e-07
1986 4.05653191204042e-07
1987 4.04369123858315e-07
1988 4.03089121678471e-07
1989 4.01813171804837e-07
1990 4.00541261388760e-07
1991 3.99273377647496e-07
1992 3.98009507825885e-07
1993 3.96749639213546e-07
1994 3.95493759143328e-07
1995 3.94241854989268e-07
1996 3.92993914147395e-07
1997 3.91749924085225e-07
1998 3.90509872273150e-07
1999 3.89273746254305e-07
2000 3.88041533583650e-07
2001 3.86813221876782e-07
2002 3.85588798781943e-07
2003 3.84368251987333e-07
2004 3.83151569216544e-07
2005 3.81938738229013e-07
2006 3.80729746829904e-07
2007 3.79524582854382e-07
2008 3.78323234193356e-07
2009 3.77125688763543e-07
2010 3.75931934523848e-07
2011 3.74741959459542e-07
2012 3.73555751605261e-07
2013 3.72373299039998e-07
2014 3.71194589858787e-07
2015 3.70019612223785e-07
2016 3.68848354311025e-07
2017 3.67680804336124e-07
2018 3.66516950572992e-07
2019 3.65356781303343e-07
2020 3.64200284865663e-07
2021 3.63047449636926e-07
2022 3.61898264003574e-07
2023 3.60752716426164e-07
2024 3.59610795385496e-07
2025 3.58472489381141e-07
2026 3.57337786985652e-07
2027 3.56206676777499e-07
2028 3.55079147380829e-07
2029 3.53955187459610e-07
2030 3.52834785719327e-07
2031 3.51717930885916e-07
2032 3.50604611723446e-07
2033 3.49494817036189e-07
2034 3.48388535672292e-07
2035 3.47285756504526e-07
2036 3.46186468443220e-07
2037 3.45090660433188e-07
2038 3.43998321448614e-07
2039 3.42909440509965e-07
2040 3.41824006674079e-07
2041 3.40742009024291e-07
2042 3.39663436667803e-07
2043 3.38588278762989e-07
2044 3.37516524509967e-07
2045 3.36448163120367e-07
2046 3.35383183852885e-07
2047 3.34321576000844e-07
2048 3.33263328888394e-07
2049 3.32208431861818e-07
2050 3.31156874332857e-07
2051 3.30108645717059e-07
2052 3.29063735480071e-07
2053 3.28022133105329e-07
2054 3.26983828124817e-07
2055 3.25948810102595e-07
2056 3.24917068620812e-07
2057 3.23888593310281e-07
2058 3.22863373822948e-07
2059 3.21841399854061e-07
2060 3.20822661138314e-07
2061 3.19807147411067e-07
2062 3.18794848471037e-07
2063 3.17785754147169e-07
2064 3.16779854273281e-07
2065 3.15777138747382e-07
2066 3.14777597484706e-07
2067 3.13781220436536e-07
2068 3.12787997581539e-07
2069 3.11797918936154e-07
2070 3.10810974539874e-07
2071 3.09827154474137e-07
2072 3.08846448837604e-07
2073 3.07868847775243e-07
2074 3.06894341454416e-07
2075 3.05922920078414e-07
2076 3.04954573884705e-07
2077 3.03989293135330e-07
2078 3.03027068103516e-07
2079 3.02067889131695e-07
2080 3.01111746583475e-07
2081 3.00158630822958e-07
2082 2.99208532288982e-07
2083 2.98261441413198e-07
2084 2.97317348679218e-07
2085 2.96376244586614e-07
2086 2.95438119675843e-07
2087 2.94502964521898e-07
2088 2.93570769710492e-07
2089 2.92641525877014e-07
2090 2.91715223675732e-07
2091 2.90791853793672e-07
2092 2.89871406941518e-07
2093 2.88953873862055e-07
2094 2.88039245344597e-07
2095 2.87127512179324e-07
2096 2.86218665198002e-07
2097 2.85312695274847e-07
2098 2.84409593285089e-07
2099 2.83509350155181e-07
2100 2.82611956842142e-07
2101 2.81717404311638e-07
2102 2.80825683575587e-07
2103 2.79936785658285e-07
2104 2.79050701636217e-07
2105 2.78167422585928e-07
2106 2.77286939637986e-07
2107 2.76409243927700e-07
2108 2.75534326639729e-07
2109 2.74662178977428e-07
2110 2.73792792163898e-07
2111 2.72926157466497e-07
2112 2.72062266162679e-07
2113 2.71201109579807e-07
2114 2.70342679042573e-07
2115 2.69486965931398e-07
2116 2.68633961638829e-07
2117 2.67783657588035e-07
2118 2.66936045237981e-07
2119 2.66091116059346e-07
2120 2.65248861548669e-07
2121 2.64409273252028e-07
2122 2.63572342718437e-07
2123 2.62738061535551e-07
2124 2.61906421318662e-07
2125 2.61077413701977e-07
2126 2.60251030350421e-07
2127 2.59427262958888e-07
2128 2.58606103247529e-07
2129 2.57787542948333e-07
2130 2.56971573841321e-07
2131 2.56158187721993e-07
2132 2.55347376406677e-07
2133 2.54539131743526e-07
2134 2.53733445608420e-07
2135 2.52930309917588e-07
2136 2.52129716570566e-07
2137 2.51331657533150e-07
2138 2.50536124774571e-07
2139 2.49743110295757e-07
2140 2.48952606125722e-07
2141 2.48164604316772e-07
2142 2.47379096950836e-07
2143 2.46596076128946e-07
2144 2.45815533979387e-07
2145 2.45037462642017e-07
2146 2.44261854307959e-07
2147 2.43488701168657e-07
2148 2.42717995461420e-07
2149 2.41949729432027e-07
2150 2.41183895363065e-07
2151 2.40420485550562e-07
2152 2.39659492311165e-07
2153 2.38900908006795e-07
2154 2.38144725002527e-07
2155 2.37390935708433e-07
2156 2.36639532531657e-07
2157 2.35890507913410e-07
2158 2.35143854341054e-07
2159 2.34399564293053e-07
2160 2.33657630287213e-07
2161 2.32918044882267e-07
2162 2.32180800619934e-07
2163 2.31445890102322e-07
2164 2.30713305933705e-07
2165 2.29983040764163e-07
2166 2.29255087226747e-07
2167 2.28529438011057e-07
2168 2.27806085841817e-07
2169 2.27085023416992e-07
2170 2.26366243515577e-07
2171 2.25649738890861e-07
2172 2.24935502338740e-07
2173 2.24223526689651e-07
2174 2.23513804784344e-07
2175 2.22806329477949e-07
2176 2.22101093666827e-07
2177 2.21398090265332e-07
2178 2.20697312196063e-07
2179 2.19998752419670e-07
2180 2.19302403911802e-07
2181 2.18608259658729e-07
2182 2.17916312706584e-07
2183 2.17226556079323e-07
2184 2.16538982840680e-07
2185 2.15853586104593e-07
2186 2.15170358957779e-07
2187 2.14489294534319e-07
2188 2.13810385984631e-07
2189 2.13133626493113e-07
2190 2.12459009252898e-07
2191 2.11786527474032e-07
2192 2.11116174408243e-07
2193 2.10447943304141e-07
2194 2.09781827448578e-07
2195 2.09117820151162e-07
2196 2.08455914733904e-07
2197 2.07796104531953e-07
2198 2.07138382927474e-07
2199 2.06482743290449e-07
2200 2.05829179048858e-07
2201 2.05177683624125e-07
2202 2.04528250461128e-07
2203 2.03880873031231e-07
2204 2.03235544840228e-07
2205 2.02592259393775e-07
2206 2.01951010220214e-07
2207 2.01311790869230e-07
2208 2.00674594927861e-07
2209 2.00039415969282e-07
2210 1.99406247633558e-07
2211 1.98775083546774e-07
2212 1.98145917352181e-07
2213 1.97518742732220e-07
2214 1.96893553384288e-07
2215 1.96270343021839e-07
2216 1.95649105385621e-07
2217 1.95029834217827e-07
2218 1.94412523304753e-07
2219 1.93797166433679e-07
2220 1.93183757421383e-07
2221 1.92572290093654e-07
2222 1.91962758321261e-07
2223 1.91355155957773e-07
2224 1.90749476900590e-07
2225 1.90145715068612e-07
2226 1.89543864383927e-07
2227 1.88943918799383e-07
2228 1.88345872284983e-07
2229 1.87749718825360e-07
2230 1.87155452429574e-07
2231 1.86563067127723e-07
2232 1.85972556961746e-07
2233 1.85383915980001e-07
2234 1.84797138293566e-07
2235 1.84212217976995e-07
2236 1.83629149168096e-07
2237 1.83047926000898e-07
2238 1.82468542629083e-07
2239 1.81890993233780e-07
2240 1.81315272000935e-07
2241 1.80741373155406e-07
2242 1.80169290914756e-07
2243 1.79599019537468e-07
2244 1.79030553282640e-07
2245 1.78463886441840e-07
2246 1.77899013313786e-07
2247 1.77335928227763e-07
2248 1.76774625511738e-07
2249 1.76215099539803e-07
2250 1.75657344671256e-07
2251 1.75101355302201e-07
2252 1.74547125854661e-07
2253 1.73994650745397e-07
2254 1.73443924422084e-07
2255 1.72894941353729e-07
2256 1.72347696019872e-07
2257 1.71802182920869e-07
2258 1.71258396564695e-07
2259 1.70716331493157e-07
2260 1.70175982256376e-07
2261 1.69637343415750e-07
2262 1.69100409560169e-07
2263 1.68565175305015e-07
2264 1.68031635251413e-07
2265 1.67499784039680e-07
2266 1.66969616330835e-07
2267 1.66441126792937e-07
2268 1.65914310109056e-07
2269 1.65389160992001e-07
2270 1.64865674154344e-07
2271 1.64343844325970e-07
2272 1.63823666289146e-07
2273 1.63305134788715e-07
2274 1.62788244621415e-07
2275 1.62272990592169e-07
2276 1.61759367512901e-07
2277 1.61247370239488e-07
2278 1.60736993609933e-07
2279 1.60228232490904e-07
2280 1.59721081783433e-07
2281 1.59215536375243e-07
2282 1.58711591194286e-07
2283 1.58209241168517e-07
2284 1.57708481248493e-07
2285 1.57209306404158e-07
2286 1.56711711616608e-07
2287 1.56215691880030e-07
2288 1.55721242219531e-07
2289 1.55228357647324e-07
2290 1.54737033226881e-07
2291 1.54247264000879e-07
2292 1.53759045060493e-07
2293 1.53272371497060e-07
2294 1.52787238415355e-07
2295 1.52303640933048e-07
2296 1.51821574194596e-07
2297 1.51341033354907e-07
2298 1.50862013583868e-07
2299 1.50384510061141e-07
2300 1.49908517990392e-07
2301 1.49434032591252e-07
2302 1.48961049088677e-07
2303 1.48489562729782e-07
2304 1.48019568774109e-07
2305 1.47551062499299e-07
2306 1.47084039197214e-07
2307 1.46618494164691e-07
2308 1.46154422735265e-07
2309 1.45691820230437e-07
2310 1.45230682006329e-07
2311 1.44771003436009e-07
2312 1.44312779889014e-07
2313 1.43856006757087e-07
2314 1.43400679456111e-07
2315 1.42946793399036e-07
2316 1.42494344040375e-07
2317 1.42043326815990e-07
2318 1.41593737199948e-07
2319 1.41145570681885e-07
2320 1.40698822733045e-07
2321 1.40253488876840e-07
2322 1.39809564637586e-07
2323 1.39367045550619e-07
2324 1.38925927171493e-07
2325 1.38486205061277e-07
2326 1.38047874809199e-07
2327 1.37610931993283e-07
2328 1.37175372234877e-07
2329 1.36741191149417e-07
2330 1.36308384373546e-07
2331 1.35876947563177e-07
2332 1.35446876374692e-07
2333 1.35018166484314e-07
2334 1.34590813584875e-07
2335 1.34164813383433e-07
2336 1.33740161592104e-07
2337 1.33316853949618e-07
2338 1.32894886189890e-07
2339 1.32474254086298e-07
2340 1.32054953396979e-07
2341 1.31636979923484e-07
2342 1.31220329446585e-07
2343 1.30804997788232e-07
2344 1.30390980768125e-07
2345 1.29978274232001e-07
2346 1.29566874023122e-07
2347 1.29156776015416e-07
2348 1.28747976077023e-07
2349 1.28340470108944e-07
2350 1.27934254007459e-07
2351 1.27529323687299e-07
2352 1.27125675088756e-07
2353 1.26723304146597e-07
2354 1.26322206816840e-07
2355 1.25922379071975e-07
2356 1.25523816887783e-07
2357 1.25126516265166e-07
2358 1.24730473197238e-07
2359 1.24335683716125e-07
2360 1.23942143855517e-07
2361 1.23549849651434e-07
2362 1.23158797160388e-07
2363 1.22768982453182e-07
2364 1.22380401621122e-07
2365 1.21993050737941e-07
2366 1.21606925927028e-07
2367 1.21222023298116e-07
2368 1.20838338993722e-07
2369 1.20455869152401e-07
2370 1.20074609914717e-07
2371 1.19694557471971e-07
2372 1.19315707996883e-07
2373 1.18938057662837e-07
2374 1.18561602702746e-07
2375 1.18186339315068e-07
2376 1.17812263732944e-07
2377 1.17439372195852e-07
2378 1.17067660957747e-07
2379 1.16697126275682e-07
2380 1.16327764431973e-07
2381 1.15959571705263e-07
2382 1.15592544401016e-07
2383 1.15226678831329e-07
2384 1.14861971316350e-07
2385 1.14498418199211e-07
2386 1.14136015813217e-07
2387 1.13774760522365e-07
2388 1.13414648683982e-07
2389 1.13055676695906e-07
2390 1.12697840941625e-07
2391 1.12341137824845e-07
2392 1.11985563756988e-07
2393 1.11631115174503e-07
2394 1.11277788501013e-07
2395 1.10925580192816e-07
2396 1.10574486716653e-07
2397 1.10224504525092e-07
2398 1.09875630104696e-07
2399 1.09527859967086e-07
2400 1.09181190598931e-07
2401 1.08835618523335e-07
2402 1.08491140268083e-07
2403 1.08147752364205e-07
2404 1.07805451372865e-07
2405 1.07464233832811e-07
2406 1.07124096330347e-07
2407 1.06785035439163e-07
2408 1.06447047753256e-07
2409 1.06110129879759e-07
2410 1.05774278424721e-07
2411 1.05439490026987e-07
2412 1.05105761303688e-07
2413 1.04773088909898e-07
2414 1.04441469501871e-07
2415 1.04110899742791e-07
2416 1.03781376307700e-07
2417 1.03452895889916e-07
2418 1.03125455188966e-07
2419 1.02799050913381e-07
2420 1.02473679775804e-07
2421 1.02149338517811e-07
2422 1.01826023866938e-07
2423 1.01503732580240e-07
2424 1.01182461414351e-07
2425 1.00862207141990e-07
2426 1.00542966550573e-07
2427 1.00224736425012e-07
2428 9.99075135617695e-08
2429 9.95912947821126e-08
2430 9.92760769005090e-08
2431 9.89618567508196e-08
2432 9.86486311719542e-08
2433 9.83363970244754e-08
2434 9.80251511646876e-08
2435 9.77148904644793e-08
2436 9.74056118099425e-08
2437 9.70973120888377e-08
2438 9.67899881938830e-08
2439 9.64836370458833e-08
2440 9.61782555668092e-08
2441 9.58738406832706e-08
2442 9.55703893315810e-08
2443 9.52678984757705e-08
2444 9.49663650680104e-08
2445 9.46657860719329e-08
2446 9.43661584683799e-08
2447 9.40674792499558e-08
2448 9.37697454137139e-08
2449 9.34729539665523e-08
2450 9.31771019227747e-08
2451 9.28821863139135e-08
2452 9.25882041675482e-08
2453 9.22951525379865e-08
2454 9.20030284741166e-08
2455 9.17118290431308e-08
2456 9.14215513151638e-08
2457 9.11321923765517e-08
2458 9.08437493175621e-08
2459 9.05562192376860e-08
2460 9.02695992456311e-08
2461 8.99838864674163e-08
2462 8.96990780209015e-08
2463 8.94151710556079e-08
2464 8.91321627079897e-08
2465 8.88500501333598e-08
2466 8.85688305019254e-08
2467 8.82885009863153e-08
2468 8.80090587708090e-08
2469 8.77305010395820e-08
2470 8.74528250009365e-08
2471 8.71760278584557e-08
2472 8.69001068288443e-08
2473 8.66250591523770e-08
2474 8.63508820416063e-08
2475 8.60775727621729e-08
2476 8.58051285548695e-08
2477 8.55335466877865e-08
2478 8.52628244287112e-08
2479 8.49929590504406e-08
2480 8.47239478562685e-08
2481 8.44557881171866e-08
2482 8.41884771662453e-08
2483 8.39220122992757e-08
2484 8.36563908402221e-08
2485 8.33916101298009e-08
2486 8.31276675010489e-08
2487 8.28645602954693e-08
2488 8.26022858697124e-08
2489 8.23408415902123e-08
2490 8.20802248304464e-08
2491 8.18204329713314e-08
2492 8.15614633969607e-08
2493 8.13033135163358e-08
2494 8.10459807204733e-08
2495 8.07894624322295e-08
2496 8.05337560614642e-08
2497 8.02788590518662e-08
2498 8.00247688346911e-08
2499 7.97714828597708e-08
2500 7.95189985805228e-08
2501 7.92673134573286e-08
2502 7.90164249663334e-08
2503 7.87663305767612e-08
2504 7.85170277822504e-08
2505 7.82685140703815e-08
2506 7.80207869525383e-08
2507 7.77738439324229e-08
2508 7.75276825261056e-08
2509 7.72823002643767e-08
2510 7.70376946871200e-08
2511 7.67938633190972e-08
2512 7.65508037199470e-08
2513 7.63085134498334e-08
2514 7.60669900659216e-08
2515 7.58262311436658e-08
2516 7.55862342689196e-08
2517 7.53469970237718e-08
2518 7.51085170016436e-08
2519 7.48707918103539e-08
2520 7.46338190492766e-08
2521 7.43975963611002e-08
2522 7.41621213525448e-08
2523 7.39273916564235e-08
2524 7.36934049248105e-08
2525 7.34601587895616e-08
2526 7.32276509271794e-08
2527 7.29958789885455e-08
2528 7.27648406407550e-08
2529 7.25345335674488e-08
2530 7.23049554604938e-08
2531 7.20761039996980e-08
2532 7.18479768946989e-08
2533 7.16205718436105e-08
2534 7.13938865662225e-08
2535 7.11679187852064e-08
2536 7.09426662345126e-08
2537 7.07181266347867e-08
2538 7.04942977371280e-08
2539 7.02711772998946e-08
2540 7.00487630663014e-08
2541 6.98270528109389e-08
2542 6.96060443103985e-08
2543 6.93857353359435e-08
2544 6.91661236619026e-08
2545 6.89472070982529e-08
2546 6.87289834450866e-08
2547 6.85114504983049e-08
2548 6.82946060791538e-08
2549 6.80784480018772e-08
2550 6.78629741001040e-08
2551 6.76481822017968e-08
2552 6.74340701674087e-08
2553 6.72206358162035e-08
2554 6.70078770203614e-08
2555 6.67957916428011e-08
2556 6.65843775370501e-08
2557 6.63736325979451e-08
2558 6.61635546897752e-08
2559 6.59541417162644e-08
2560 6.57453915576241e-08
2561 6.55373021330587e-08
2562 6.53298713408269e-08
2563 6.51230970936802e-08
2564 6.49169773190114e-08
2565 6.47115099470934e-08
2566 6.45066929068887e-08
2567 6.43025241429915e-08
2568 6.40990016020904e-08
2569 6.38961232380977e-08
2570 6.36938870130291e-08
2571 6.34922908966876e-08
2572 6.32913328637024e-08
2573 6.30910108849689e-08
2574 6.28913229563296e-08
2575 6.26922670644999e-08
2576 6.24938412179435e-08
2577 6.22960434183462e-08
2578 6.20988716752865e-08
2579 6.19023240086936e-08
2580 6.17063984447604e-08
2581 6.15110930122395e-08
2582 6.13164057453268e-08
2583 6.11223346933435e-08
2584 6.09288778987214e-08
2585 6.07360334248159e-08
2586 6.05437993329451e-08
2587 6.03521736867827e-08
2588 6.01611545629646e-08
2589 5.99707400369180e-08
2590 5.97809281985030e-08
2591 5.95917171445685e-08
2592 5.94031049700430e-08
2593 5.92150897729195e-08
2594 5.90276696688934e-08
2595 5.88408427757027e-08
2596 5.86546072212088e-08
2597 5.84689611200816e-08
2598 5.82839026117907e-08
2599 5.80994298393748e-08
2600 5.79155409566426e-08
2601 5.77322341002975e-08
2602 5.75495074342553e-08
2603 5.73673591275391e-08
2604 5.71857873332801e-08
2605 5.70047902423037e-08
2606 5.68243660304790e-08
2607 5.66445128819378e-08
2608 5.64652289958155e-08
2609 5.62865125616683e-08
2610 5.61083617916101e-08
2611 5.59307748937445e-08
2612 5.57537500787933e-08
2613 5.55772855744771e-08
2614 5.54013796006685e-08
2615 5.52260303907985e-08
2616 5.50512361858125e-08
2617 5.48769952213769e-08
2618 5.47033057512357e-08
2619 5.45301660290534e-08
2620 5.43575743183851e-08
2621 5.41855288864840e-08
2622 5.40140279913086e-08
2623 5.38430699209706e-08
2624 5.36726529548770e-08
2625 5.35027753768854e-08
2626 5.33334354885231e-08
2627 5.31646315806329e-08
2628 5.29963619514533e-08
2629 5.28286249215979e-08
2630 5.26614187978161e-08
2631 5.24947419067649e-08
2632 5.23285925554833e-08
2633 5.21629690931516e-08
2634 5.19978698534460e-08
2635 5.18332931749266e-08
2636 5.16692373938475e-08
2637 5.15057008699706e-08
2638 5.13426819614388e-08
2639 5.11801790231411e-08
2640 5.10181904268244e-08
2641 5.08567145461851e-08
2642 5.06957497550481e-08
2643 5.05352944301266e-08
2644 5.03753469707955e-08
2645 5.02159057633204e-08
2646 5.00569692018463e-08
2647 4.98985356997934e-08
2648 4.97406036574289e-08
2649 4.95831714937062e-08
2650 4.94262376093103e-08
2651 4.92698004451680e-08
2652 4.91138584197741e-08
2653 4.89584099674649e-08
2654 4.88034535253675e-08
2655 4.86489875430938e-08
2656 4.84950104590655e-08
2657 4.83415207338001e-08
2658 4.81885168202057e-08
2659 4.80359971759861e-08
2660 4.78839602772561e-08
2661 4.77324045911319e-08
2662 4.75813285960521e-08
2663 4.74307307772537e-08
2664 4.72806096148534e-08
2665 4.71309636022519e-08
2666 4.69817912361456e-08
2667 4.68330910163230e-08
2668 4.66848614462793e-08
2669 4.65371010446822e-08
2670 4.63898083165737e-08
2671 4.62429817859286e-08
2672 4.60966199757902e-08
2673 4.59507214230033e-08
2674 4.58052846500849e-08
2675 4.56603082014217e-08
2676 4.55157906175568e-08
2677 4.53717304444105e-08
2678 4.52281262399295e-08
2679 4.50849765535460e-08
2680 4.49422799523393e-08
2681 4.48000350061359e-08
2682 4.46582402776035e-08
2683 4.45168943435871e-08
2684 4.43759957868974e-08
2685 4.42355431906534e-08
2686 4.40955351365415e-08
2687 4.39559702235689e-08
2688 4.38168470460038e-08
2689 4.36781642140833e-08
2690 4.35399203214671e-08
2691 4.34021139854192e-08
2692 4.32647438247330e-08
2693 4.31278084489755e-08
2694 4.29913064866639e-08
2695 4.28552365699936e-08
2696 4.27195973333790e-08
2697 4.25843874018364e-08
2698 4.24496054319287e-08
2699 4.23152500550598e-08
2700 4.21813199255497e-08
2701 4.20478136948914e-08
2702 4.19147300260626e-08
2703 4.17820675842722e-08
2704 4.16498250278846e-08
2705 4.15180010327743e-08
2706 4.13865942818054e-08
2707 4.12556034370732e-08
2708 4.11250271937156e-08
2709 4.09948642378443e-08
2710 4.08651132589961e-08
2711 4.07357729597332e-08
2712 4.06068420235231e-08
2713 4.04783191730398e-08
2714 4.03502031103507e-08
2715 4.02224925459817e-08
2716 4.00951862003421e-08
2717 3.99682827856886e-08
2718 3.98417810355692e-08
2719 3.97156796791036e-08
2720 3.95899774393501e-08
2721 3.94646730620239e-08
2722 3.93397652840275e-08
2723 3.92152528553684e-08
2724 3.90911345158975e-08
2725 3.89674090244606e-08
2726 3.88440751316750e-08
2727 3.87211316021550e-08
2728 3.85985772050510e-08
2729 3.84764106985712e-08
2730 3.83546308685883e-08
2731 3.82332364790613e-08
2732 3.81122263166645e-08
2733 3.79915991573754e-08
2734 3.78713537974531e-08
2735 3.77514890206099e-08
2736 3.76320036308149e-08
2737 3.75128964197080e-08
2738 3.73941662000555e-08
2739 3.72758117637957e-08
2740 3.71578319300396e-08
2741 3.70402255163779e-08
2742 3.69229913370850e-08
2743 3.68061282146627e-08
2744 3.66896349795825e-08
2745 3.65735104478567e-08
2746 3.64577534676096e-08
2747 3.63423628612554e-08
2748 3.62273374788075e-08
2749 3.61126761579764e-08
2750 3.59983777593124e-08
2751 3.58844411235762e-08
2752 3.57708650995542e-08
2753 3.56576485586080e-08
2754 3.55447903596494e-08
2755 3.54322893634815e-08
2756 3.53201444468848e-08
2757 3.52083544705713e-08
2758 3.50969183246420e-08
2759 3.49858348798944e-08
2760 3.48751030259919e-08
2761 3.47647216473636e-08
2762 3.46546896350156e-08
2763 3.45450058853679e-08
2764 3.44356692928806e-08
2765 3.43266787553603e-08
2766 3.42180331872810e-08
2767 3.41097314936200e-08
2768 3.40017725800223e-08
2769 3.38941553617212e-08
2770 3.37868787698013e-08
2771 3.36799417115739e-08
2772 3.35733431163252e-08
2773 3.34670819117980e-08
2774 3.33611570385286e-08
2775 3.32555674248548e-08
2776 3.31503120130219e-08
2777 3.30453897389784e-08
2778 3.29407995560795e-08
2779 3.28365404110227e-08
2780 3.27326112542250e-08
2781 3.26290110382631e-08
2782 3.25257387239673e-08
2783 3.24227932760448e-08
2784 3.23201736597810e-08
2785 3.22178788439904e-08
2786 3.21159077983661e-08
2787 3.20142594975389e-08
2788 3.19129329243993e-08
2789 3.18119270569261e-08
2790 3.17112408806175e-08
2791 3.16108733784046e-08
2792 3.15108235520727e-08
2793 3.14110903917716e-08
2794 3.13116728996142e-08
2795 3.12125700634344e-08
2796 3.11137808955518e-08
2797 3.10153044021948e-08
2798 3.09171395961377e-08
2799 3.08192854957441e-08
2800 3.07217411042938e-08
2801 3.06245054551161e-08
2802 3.05275775532576e-08
2803 3.04309564397988e-08
2804 3.03346411402120e-08
2805 3.02386306891333e-08
2806 3.01429241122030e-08
2807 3.00475204583366e-08
2808 2.99524187626129e-08
2809 2.98576180683125e-08
2810 2.97631174365369e-08
2811 2.96689158935594e-08
2812 2.95750125124064e-08
2813 2.94814063403382e-08
2814 2.93880964408934e-08
2815 2.92950818724888e-08
2816 2.92023616941425e-08
2817 2.91099349954473e-08
2818 2.90178008247083e-08
2819 2.89259582674207e-08
2820 2.88344064010696e-08
2821 2.87431442987032e-08
2822 2.86521710502125e-08
2823 2.85614857379237e-08
2824 2.84710874480105e-08
2825 2.83809752783772e-08
2826 2.82911483239745e-08
2827 2.82016056771933e-08
2828 2.81123464347771e-08
2829 2.80233697048328e-08
2830 2.79346745907666e-08
2831 2.78462602064118e-08
2832 2.77581256574601e-08
2833 2.76702700665433e-08
2834 2.75826925377871e-08
2835 2.74953922005398e-08
2836 2.74083681761235e-08
2837 2.73216195917693e-08
2838 2.72351455661856e-08
2839 2.71489452359600e-08
2840 2.70630177428653e-08
2841 2.69773622092247e-08
2842 2.68919777881276e-08
2843 2.68068636126549e-08
2844 2.67220188254554e-08
2845 2.66374425833723e-08
2846 2.65531340285278e-08
2847 2.64690923067393e-08
2848 2.63853165933432e-08
2849 2.63018060321916e-08
2850 2.62185597844791e-08
2851 2.61355770194197e-08
2852 2.60528569039513e-08
2853 2.59703985997324e-08
2854 2.58882012803053e-08
2855 2.58062641206691e-08
2856 2.57245863016811e-08
2857 2.56431670003861e-08
2858 2.55620053918462e-08
2859 2.54811006610913e-08
2860 2.54004520081780e-08
2861 2.53200586094619e-08
2862 2.52399196595872e-08
2863 2.51600343554920e-08
2864 2.50804018951520e-08
2865 2.50010214778667e-08
2866 2.49218923042198e-08
2867 2.48430135791665e-08
2868 2.47643845114330e-08
2869 2.46860043035289e-08
2870 2.46078721824300e-08
2871 2.45299873465080e-08
2872 2.44523490276582e-08
2873 2.43749564335436e-08
2874 2.42978087900705e-08
2875 2.42209053286500e-08
2876 2.41442452711811e-08
2877 2.40678278461452e-08
2878 2.39916522850883e-08
2879 2.39157178288480e-08
2880 2.38400237080916e-08
2881 2.37645691616810e-08
2882 2.36893534364147e-08
2883 2.36143757702964e-08
2884 2.35396354176915e-08
2885 2.34651316169715e-08
2886 2.33908636268571e-08
2887 2.33168307039384e-08
2888 2.32430320929577e-08
2889 2.31694670662638e-08
2890 2.30961348729345e-08
2891 2.30230347873322e-08
2892 2.29501660638782e-08
2893 2.28775279705950e-08
2894 2.28051197831980e-08
2895 2.27329407707500e-08
2896 2.26609902133256e-08
2897 2.25892673854972e-08
2898 2.25177715580217e-08
2899 2.24465020167152e-08
2900 2.23754580535993e-08
2901 2.23046389458194e-08
2902 2.22340439870945e-08
2903 2.21636724659022e-08
2904 2.20935236718049e-08
2905 2.20235969073546e-08
2906 2.19538914595980e-08
2907 2.18844066380325e-08
2908 2.18151417354144e-08
2909 2.17460960616142e-08
2910 2.16772689231082e-08
2911 2.16086596258208e-08
2912 2.15402674827295e-08
2913 2.14720917993408e-08
2914 2.14041319014552e-08
2915 2.13363870984087e-08
2916 2.12688567136031e-08
2917 2.12015400625294e-08
2918 2.11344364737204e-08
2919 2.10675452764864e-08
2920 2.10008657878697e-08
2921 2.09343973482854e-08
2922 2.08681392805245e-08
2923 2.08020909270520e-08
2924 2.07362516150028e-08
2925 2.06706206895325e-08
2926 2.06051974982826e-08
2927 2.05399813624584e-08
2928 2.04749716448168e-08
2929 2.04101676838412e-08
2930 2.03455688355025e-08
2931 2.02811744438149e-08
2932 2.02169838608986e-08
2933 2.01529964502732e-08
2934 2.00892115631368e-08
2935 2.00256285549271e-08
2936 1.99622467885153e-08
2937 1.98990656318453e-08
2938 1.98360844422583e-08
2939 1.97733026006022e-08
2940 1.97107194646672e-08
2941 1.96483344025053e-08
2942 1.95861467959275e-08
2943 1.95241560167710e-08
2944 1.94623614412787e-08
2945 1.94007624479413e-08
2946 1.93393584218806e-08
2947 1.92781487408431e-08
2948 1.92171327917977e-08
2949 1.91563099615908e-08
2950 1.90956796371127e-08
2951 1.90352412092064e-08
2952 1.89749940711861e-08
2953 1.89149376202719e-08
2954 1.88550712568944e-08
2955 1.87953943682557e-08
2956 1.87359063605221e-08
2957 1.86766066344033e-08
2958 1.86174945944257e-08
2959 1.85585696495063e-08
2960 1.84998312051088e-08
2961 1.84412786706043e-08
2962 1.83829114545810e-08
2963 1.83247289772287e-08
2964 1.82667306480539e-08
2965 1.82089158843233e-08
2966 1.81512841153230e-08
2967 1.80938347493336e-08
2968 1.80365672102834e-08
2969 1.79794809312259e-08
2970 1.79225753301393e-08
2971 1.78658498404884e-08
2972 1.78093038890787e-08
2973 1.77529369078519e-08
2974 1.76967483321812e-08
2975 1.76407375950647e-08
2976 1.75849041349663e-08
2977 1.75292473895075e-08
2978 1.74737667999644e-08
2979 1.74184618063055e-08
2980 1.73633318617673e-08
2981 1.73083764024150e-08
2982 1.72535948800906e-08
2983 1.71989867471715e-08
2984 1.71445514432423e-08
2985 1.70902884400188e-08
2986 1.70361971742291e-08
2987 1.69822771135246e-08
2988 1.69285277133187e-08
2989 1.68749484288578e-08
2990 1.68215387286330e-08
2991 1.67682980727234e-08
2992 1.67152259240491e-08
2993 1.66623217513466e-08
2994 1.66095850222857e-08
2995 1.65570152089274e-08
2996 1.65046117758610e-08
2997 1.64523742147690e-08
2998 1.64003019759102e-08
2999 1.63483945560600e-08
3000 1.62966514221472e-08
3001 1.62450720558012e-08
3002 1.61936559433696e-08
3003 1.61424025637248e-08
3004 1.60913114045428e-08
3005 1.60403819487357e-08
3006 1.59896136920453e-08
3007 1.59390061160994e-08
3008 1.58885587161554e-08
3009 1.58382709801036e-08
3010 1.57881424107453e-08
3011 1.57381725011562e-08
3012 1.56883607434942e-08
3013 1.56387066469027e-08
3014 1.55892097086651e-08
3015 1.55398694302941e-08
3016 1.54906853124308e-08
3017 1.54416568724397e-08
3018 1.53927836026613e-08
3019 1.53440650186709e-08
3020 1.52955006300938e-08
3021 1.52470899530766e-08
3022 1.51988325005944e-08
3023 1.51507277856085e-08
3024 1.51027753194209e-08
3025 1.50549746289733e-08
3026 1.50073252245119e-08
3027 1.49598266391251e-08
3028 1.49124783803730e-08
3029 1.48652799840197e-08
3030 1.48182309740115e-08
3031 1.47713308744591e-08
3032 1.47245792173772e-08
3033 1.46779755361760e-08
3034 1.46315193483167e-08
3035 1.45852102019641e-08
3036 1.45390476215516e-08
3037 1.44930311536800e-08
3038 1.44471603245224e-08
3039 1.44014346772885e-08
3040 1.43558537599786e-08
3041 1.43104171039139e-08
3042 1.42651242613136e-08
3043 1.42199747689146e-08
3044 1.41749681739225e-08
3045 1.41301040271316e-08
3046 1.40853818849903e-08
3047 1.40408012803574e-08
3048 1.39963617789342e-08
3049 1.39520629348054e-08
3050 1.39079042956908e-08
3051 1.38638854149780e-08
3052 1.38200058590021e-08
3053 1.37762651891100e-08
3054 1.37326629503970e-08
3055 1.36891987230436e-08
3056 1.36458720627783e-08
3057 1.36026825255502e-08
3058 1.35596296909361e-08
3059 1.35167131195207e-08
3060 1.34739323813975e-08
3061 1.34312870426565e-08
3062 1.33887766780824e-08
3063 1.33464008601558e-08
3064 1.33041591666033e-08
3065 1.32620511639305e-08
3066 1.32200764382097e-08
3067 1.31782345661307e-08
3068 1.31365251238439e-08
3069 1.30949476942753e-08
3070 1.30535018602138e-08
3071 1.30121872047633e-08
3072 1.29710033033617e-08
3073 1.29299497580748e-08
3074 1.28890261429778e-08
3075 1.28482320631289e-08
3076 1.28075670905222e-08
3077 1.27670308277177e-08
3078 1.27266228581095e-08
3079 1.26863427896243e-08
3080 1.26461902036277e-08
3081 1.26061647013566e-08
3082 1.25662658854339e-08
3083 1.25264933483620e-08
3084 1.24868466953550e-08
3085 1.24473255212640e-08
3086 1.24079294359735e-08
3087 1.23686580385135e-08
3088 1.23295109403538e-08
3089 1.22904877371057e-08
3090 1.22515880515856e-08
3091 1.22128114743022e-08
3092 1.21741576362590e-08
3093 1.21356261349671e-08
3094 1.20972165876958e-08
3095 1.20589286060041e-08
3096 1.20207618122503e-08
3097 1.19827158130060e-08
3098 1.19447902342247e-08
3099 1.19069846889563e-08
3100 1.18692988097319e-08
3101 1.18317321945952e-08
3102 1.17942844845859e-08
3103 1.17569552980317e-08
3104 1.17197442556229e-08
3105 1.16826509930906e-08
3106 1.16456751277528e-08
3107 1.16088162950255e-08
3108 1.15720741219598e-08
3109 1.15354482405706e-08
3110 1.14989382753288e-08
3111 1.14625438708174e-08
3112 1.14262646525267e-08
3113 1.13901002606126e-08
3114 1.13540503348441e-08
3115 1.13181145007654e-08
3116 1.12822924122535e-08
3117 1.12465836966624e-08
3118 1.12109880022262e-08
3119 1.11755049640010e-08
3120 1.11401342383372e-08
3121 1.11048754594407e-08
3122 1.10697282758188e-08
3123 1.10346923355303e-08
3124 1.09997672794169e-08
3125 1.09649527679105e-08
3126 1.09302484482602e-08
3127 1.08956539635165e-08
3128 1.08611689755263e-08
3129 1.08267931284448e-08
3130 1.07925260827758e-08
3131 1.07583674992180e-08
3132 1.07243170224191e-08
3133 1.06903743235942e-08
3134 1.06565390486822e-08
3135 1.06228108653522e-08
3136 1.05891894297704e-08
3137 1.05556744105691e-08
3138 1.05222654700193e-08
3139 1.04889622691657e-08
3140 1.04557644686926e-08
3141 1.04226717446417e-08
3142 1.03896837543949e-08
3143 1.03568001770992e-08
3144 1.03240206786670e-08
3145 1.02913449265316e-08
3146 1.02587725960253e-08
3147 1.02263033532486e-08
3148 1.01939368819016e-08
3149 1.01616728536212e-08
3150 1.01295109350730e-08
3151 1.00974508145556e-08
3152 1.00654921619845e-08
3153 1.00336346632597e-08
3154 1.00018779930086e-08
3155 9.97022183781391e-09
