# iter  L2_error
0 7.07140824664248e-03
1 6.41161406262162e-03
2 5.89620367551049e-03
3 5.45151136062831e-03
4 5.05350633340518e-03
5 4.68958905964760e-03
6 4.35179696095164e-03
7 4.03480760665813e-03
8 3.73504375478612e-03
9 3.45015886605933e-03
10 3.17870098874053e-03
11 2.91987355452378e-03
12 2.67335226979334e-03
13 2.43913660864237e-03
14 2.21742539694468e-03
15 2.00851233480716e-03
16 1.81270056722552e-03
17 1.63023653666763e-03
18 1.46126312407484e-03
19 1.30579118344137e-03
20 1.16368752547965e-03
21 1.03467654557025e-03
22 9.18352176184623e-04
23 8.14196693478286e-04
24 7.21603063891460e-04
25 6.39897897440643e-04
26 5.68362611401366e-04
27 5.06251066952415e-04
28 4.52802724403497e-04
29 4.07251284118915e-04
30 3.68829804516642e-04
31 3.36774243809276e-04
32 3.10327908317491e-04
33 2.95013563514517e-04
34 2.85363734834923e-04
35 2.77854465247263e-04
36 2.72011514140726e-04
37 2.67445257512445e-04
38 2.63843190474130e-04
39 2.60959734515368e-04
40 2.58605205765308e-04
41 2.56635223232334e-04
42 2.54941273988714e-04
43 2.53442725309290e-04
44 2.52080300675909e-04
45 2.50810888834435e-04
46 2.49603492871666e-04
47 2.48436115046168e-04
48 2.47293388339285e-04
49 2.46164792032791e-04
50 2.45043317409551e-04
51 2.43924476578310e-04
52 2.42805570651237e-04
53 2.41685152637468e-04
54 2.40562635709474e-04
55 2.39438009474511e-04
56 2.38311636127432e-04
57 2.37184105422502e-04
58 2.36056132754865e-04
59 2.34928488677586e-04
60 2.33801951207246e-04
61 2.32677274534865e-04
62 2.31555169445947e-04
63 2.30436292007852e-04
64 2.29321238012819e-04
65 2.28210541352614e-04
66 2.27104675009348e-04
67 2.26004053719382e-04
68 2.24909037642124e-04
69 2.23819936565338e-04
70 2.22737014324011e-04
71 2.21660493215536e-04
72 2.20590558269380e-04
73 2.19527361283517e-04
74 2.18471024577734e-04
75 2.17421644440510e-04
76 2.16379294264016e-04
77 2.15344027373718e-04
78 2.14315879566591e-04
79 2.13294871376659e-04
80 2.12281010088522e-04
81 2.11274291520791e-04
82 2.10274701600987e-04
83 2.09282217752682e-04
84 2.08296810114603e-04
85 2.07318442609932e-04
86 2.06347073882592e-04
87 2.05382658115622e-04
88 2.04425145745645e-04
89 2.03474484085508e-04
90 2.02530617866384e-04
91 2.01593489708959e-04
92 2.00663040532533e-04
93 1.99739209909735e-04
94 1.98821936373566e-04
95 1.97911157682926e-04
96 1.97006811051688e-04
97 1.96108833346184e-04
98 1.95217161254923e-04
99 1.94331731434331e-04
100 1.93452480633409e-04
101 1.92579345800242e-04
102 1.91712264172563e-04
103 1.90851173354500e-04
104 1.89996011381532e-04
105 1.89146716774780e-04
106 1.88303228586488e-04
107 1.87465486437687e-04
108 1.86633430548948e-04
109 1.85807001765500e-04
110 1.84986141577116e-04
111 1.84170792133785e-04
112 1.83360896257516e-04
113 1.82556397450975e-04
114 1.81757239903352e-04
115 1.80963368493772e-04
116 1.80174728792764e-04
117 1.79391267061916e-04
118 1.78612930252074e-04
119 1.77839666000267e-04
120 1.77071422625601e-04
121 1.76308149124236e-04
122 1.75549795163567e-04
123 1.74796311075869e-04
124 1.74047647851381e-04
125 1.73303757130915e-04
126 1.72564591198238e-04
127 1.71830102972068e-04
128 1.71100245997952e-04
129 1.70374974439919e-04
130 1.69654243072065e-04
131 1.68938007270022e-04
132 1.68226223002403e-04
133 1.67518846822260e-04
134 1.66815835858479e-04
135 1.66117147807291e-04
136 1.65422740923724e-04
137 1.64732574013240e-04
138 1.64046606423319e-04
139 1.63364798035207e-04
140 1.62687109255739e-04
141 1.62013501009201e-04
142 1.61343934729405e-04
143 1.60678372351770e-04
144 1.60016776305509e-04
145 1.59359109506069e-04
146 1.58705335347487e-04
147 1.58055417694994e-04
148 1.57409320877715e-04
149 1.56767009681445e-04
150 1.56128449341571e-04
151 1.55493605536121e-04
152 1.54862444378902e-04
153 1.54234932412768e-04
154 1.53611036602973e-04
155 1.52990724330717e-04
156 1.52373963386678e-04
157 1.51760721964794e-04
158 1.51150968656018e-04
159 1.50544672442308e-04
160 1.49941802690585e-04
161 1.49342329146950e-04
162 1.48746221930860e-04
163 1.48153451529491e-04
164 1.47563988792170e-04
165 1.46977804924918e-04
166 1.46394871485029e-04
167 1.45815160375891e-04
168 1.45238643841696e-04
169 1.44665294462385e-04
170 1.44095085148663e-04
171 1.43527989137040e-04
172 1.42963979984993e-04
173 1.42403031566256e-04
174 1.41845118066089e-04
175 1.41290213976737e-04
176 1.40738294092896e-04
177 1.40189333507253e-04
178 1.39643307606183e-04
179 1.39100192065416e-04
180 1.38559962845843e-04
181 1.38022596189363e-04
182 1.37488068614840e-04
183 1.36956356914070e-04
184 1.36427438147875e-04
185 1.35901289642193e-04
186 1.35377888984336e-04
187 1.34857214019188e-04
188 1.34339242845572e-04
189 1.33823953812611e-04
190 1.33311325516176e-04
191 1.32801336795426e-04
192 1.32293966729295e-04
193 1.31789194633181e-04
194 1.31287000055582e-04
195 1.30787362774837e-04
196 1.30290262795904e-04
197 1.29795680347207e-04
198 1.29303595877511e-04
199 1.28813990052835e-04
200 1.28326843753514e-04
201 1.27842138071169e-04
202 1.27359854305785e-04
203 1.26879973962902e-04
204 1.26402478750728e-04
205 1.25927350577421e-04
206 1.25454571548312e-04
207 1.24984123963227e-04
208 1.24515990313849e-04
209 1.24050153281112e-04
210 1.23586595732627e-04
211 1.23125300720176e-04
212 1.22666251477233e-04
213 1.22209431416482e-04
214 1.21754824127464e-04
215 1.21302413374198e-04
216 1.20852183092792e-04
217 1.20404117389253e-04
218 1.19958200537140e-04
219 1.19514416975393e-04
220 1.19072751306110e-04
221 1.18633188292436e-04
222 1.18195712856397e-04
223 1.17760310076827e-04
224 1.17326965187333e-04
225 1.16895663574243e-04
226 1.16466390774643e-04
227 1.16039132474358e-04
228 1.15613874506089e-04
229 1.15190602847458e-04
230 1.14769303619158e-04
231 1.14349963083093e-04
232 1.13932567640568e-04
233 1.13517103830503e-04
234 1.13103558327649e-04
235 1.12691917940874e-04
236 1.12282169611433e-04
237 1.11874300411292e-04
238 1.11468297541460e-04
239 1.11064148330369e-04
240 1.10661840232227e-04
241 1.10261360825469e-04
242 1.09862697811189e-04
243 1.09465839011551e-04
244 1.09070772368336e-04
245 1.08677485941399e-04
246 1.08285967907223e-04
247 1.07896206557430e-04
248 1.07508190297393e-04
249 1.07121907644802e-04
250 1.06737347228263e-04
251 1.06354497785953e-04
252 1.05973348164249e-04
253 1.05593887316426e-04
254 1.05216104301296e-04
255 1.04839988281947e-04
256 1.04465528524487e-04
257 1.04092714396771e-04
258 1.03721535367117e-04
259 1.03351981003165e-04
260 1.02984040970616e-04
261 1.02617705032077e-04
262 1.02252963045896e-04
263 1.01889804964953e-04
264 1.01528220835604e-04
265 1.01168200796501e-04
266 1.00809735077522e-04
267 1.00452813998655e-04
268 1.00097427968956e-04
269 9.97435674854402e-05
270 9.93912231321170e-05
271 9.90403855788771e-05
272 9.86910455805105e-05
273 9.83431939757491e-05
274 9.79968216862044e-05
275 9.76519197154212e-05
276 9.73084791479621e-05
277 9.69664911484021e-05
278 9.66259469604120e-05
279 9.62868379058427e-05
280 9.59491553838398e-05
281 9.56128908698917e-05
282 9.52780359149932e-05
283 9.49445821447565e-05
284 9.46125212585613e-05
285 9.42818450286747e-05
286 9.39525452994612e-05
287 9.36246139865228e-05
288 9.32980430759116e-05
289 9.29728246232754e-05
290 9.26489507531331e-05
291 9.23264136580480e-05
292 9.20052055978662e-05
293 9.16853188989570e-05
294 9.13667459534656e-05
295 9.10494792185616e-05
296 9.07335112157183e-05
297 9.04188345299911e-05
298 9.01054418093024e-05
299 8.97933257637173e-05
300 8.94824791647949e-05
301 8.91728948448714e-05
302 8.88645656963873e-05
303 8.85574846712314e-05
304 8.82516447800903e-05
305 8.79470390917674e-05
306 8.76436607325748e-05
307 8.73415028856829e-05
308 8.70405587905095e-05
309 8.67408217420913e-05
310 8.64422850904746e-05
311 8.61449422401335e-05
312 8.58487866493619e-05
313 8.55538118296846e-05
314 8.52600113453013e-05
315 8.49673788124843e-05
316 8.46759078990649e-05
317 8.43855923238044e-05
318 8.40964258559263e-05
319 8.38084023145274e-05
320 8.35215155680426e-05
321 8.32357595337348e-05
322 8.29511281771827e-05
323 8.26676155117404e-05
324 8.23852155980160e-05
325 8.21039225434431e-05
326 8.18237305016930e-05
327 8.15446336722610e-05
328 8.12666262999353e-05
329 8.09897026743405e-05
330 8.07138571294695e-05
331 8.04390840432190e-05
332 8.01653778368986e-05
333 7.98927329748303e-05
334 7.96211439638614e-05
335 7.93506053529436e-05
336 7.90811117326595e-05
337 7.88126577348668e-05
338 7.85452380321806e-05
339 7.82788473376269e-05
340 7.80134804041728e-05
341 7.77491320243589e-05
342 7.74857970298684e-05
343 7.72234702911227e-05
344 7.69621467169074e-05
345 7.67018212539831e-05
346 7.64424888866640e-05
347 7.61841446364607e-05
348 7.59267835617300e-05
349 7.56704007572279e-05
350 7.54149913538315e-05
351 7.51605505181158e-05
352 7.49070734520137e-05
353 7.46545553924613e-05
354 7.44029916110482e-05
355 7.41523774136643e-05
356 7.39027081401725e-05
357 7.36539791640532e-05
358 7.34061858920826e-05
359 7.31593237640114e-05
360 7.29133882522028e-05
361 7.26683748613586e-05
362 7.24242791281694e-05
363 7.21810966210019e-05
364 7.19388229396054e-05
365 7.16974537147870e-05
366 7.14569846081267e-05
367 7.12174113116459e-05
368 7.09787295475582e-05
369 7.07409350679320e-05
370 7.05040236544153e-05
371 7.02679911179773e-05
372 7.00328332985752e-05
373 6.97985460649371e-05
374 6.95651253142010e-05
375 6.93325669717338e-05
376 6.91008669908159e-05
377 6.88700213523577e-05
378 6.86400260646738e-05
379 6.84108771632035e-05
380 6.81825707102445e-05
381 6.79551027947267e-05
382 6.77284695319388e-05
383 6.75026670632814e-05
384 6.72776915560215e-05
385 6.70535392030572e-05
386 6.68302062226830e-05
387 6.66076888583272e-05
388 6.63859833783338e-05
389 6.61650860757353e-05
390 6.59449932680245e-05
391 6.57257012969072e-05
392 6.55072065280952e-05
393 6.52895053510779e-05
394 6.50725941789225e-05
395 6.48564694480272e-05
396 6.46411276179126e-05
397 6.44265651710327e-05
398 6.42127786125460e-05
399 6.39997644701183e-05
400 6.37875192936986e-05
401 6.35760396553508e-05
402 6.33653221490178e-05
403 6.31553633903393e-05
404 6.29461600164693e-05
405 6.27377086858660e-05
406 6.25300060780809e-05
407 6.23230488936294e-05
408 6.21168338537402e-05
409 6.19113577002024e-05
410 6.17066171951819e-05
411 6.15026091210233e-05
412 6.12993302800976e-05
413 6.10967774946090e-05
414 6.08949476063925e-05
415 6.06938374768082e-05
416 6.04934439865150e-05
417 6.02937640352979e-05
418 6.00947945419480e-05
419 5.98965324440551e-05
420 5.96989746978580e-05
421 5.95021182780636e-05
422 5.93059601777428e-05
423 5.91104974080906e-05
424 5.89157269983485e-05
425 5.87216459955826e-05
426 5.85282514645696e-05
427 5.83355404876416e-05
428 5.81435101645122e-05
429 5.79521576121611e-05
430 5.77614799646668e-05
431 5.75714743730577e-05
432 5.73821380051738e-05
433 5.71934680455316e-05
434 5.70054616951751e-05
435 5.68181161715469e-05
436 5.66314287083225e-05
437 5.64453965553078e-05
438 5.62600169782840e-05
439 5.60752872588739e-05
440 5.58912046944268e-05
441 5.57077665978727e-05
442 5.55249702975840e-05
443 5.53428131372779e-05
444 5.51612924758558e-05
445 5.49804056873087e-05
446 5.48001501605584e-05
447 5.46205232993763e-05
448 5.44415225222142e-05
449 5.42631452621388e-05
450 5.40853889666679e-05
451 5.39082510976556e-05
452 5.37317291312160e-05
453 5.35558205575698e-05
454 5.33805228809319e-05
455 5.32058336194160e-05
456 5.30317503049200e-05
457 5.28582704830006e-05
458 5.26853917127700e-05
459 5.25131115668084e-05
460 5.23414276310117e-05
461 5.21703375045566e-05
462 5.19998387996949e-05
463 5.18299291417502e-05
464 5.16606061689603e-05
465 5.14918675323784e-05
466 5.13237108957803e-05
467 5.11561339355821e-05
468 5.09891343407021e-05
469 5.08227098124986e-05
470 5.06568580646562e-05
471 5.04915768230886e-05
472 5.03268638258454e-05
473 5.01627168230506e-05
474 4.99991335767343e-05
475 4.98361118608208e-05
476 4.96736494609971e-05
477 4.95117441746125e-05
478 4.93503938106305e-05
479 4.91895961895000e-05
480 4.90293491430787e-05
481 4.88696505145801e-05
482 4.87104981584126e-05
483 4.85518899401886e-05
484 4.83938237365612e-05
485 4.82362974351926e-05
486 4.80793089346271e-05
487 4.79228561442740e-05
488 4.77669369842354e-05
489 4.76115493853137e-05
490 4.74566912889173e-05
491 4.73023606468904e-05
492 4.71485554215653e-05
493 4.69952735856084e-05
494 4.68425131219679e-05
495 4.66902720237808e-05
496 4.65385482943177e-05
497 4.63873399469020e-05
498 4.62366450048253e-05
499 4.60864615013111e-05
500 4.59367874793888e-05
501 4.57876209918645e-05
502 4.56389601012272e-05
503 4.54908028796100e-05
504 4.53431474086798e-05
505 4.51959917795904e-05
506 4.50493340929258e-05
507 4.49031724586132e-05
508 4.47575049958574e-05
509 4.46123298330906e-05
510 4.44676451079007e-05
511 4.43234489669463e-05
512 4.41797395659280e-05
513 4.40365150695065e-05
514 4.38937736512182e-05
515 4.37515134934729e-05
516 4.36097327874139e-05
517 4.34684297329314e-05
518 4.33276025385531e-05
519 4.31872494213947e-05
520 4.30473686071112e-05
521 4.29079583298496e-05
522 4.27690168321322e-05
523 4.26305423648716e-05
524 4.24925331872789e-05
525 4.23549875668044e-05
526 4.22179037790920e-05
527 4.20812801079153e-05
528 4.19451148451076e-05
529 4.18094062905596e-05
530 4.16741527521189e-05
531 4.15393525455392e-05
532 4.14050039944461e-05
533 4.12711054302689e-05
534 4.11376551922114e-05
535 4.10046516271545e-05
536 4.08720930896693e-05
537 4.07399779418947e-05
538 4.06083045535662e-05
539 4.04770713018833e-05
540 4.03462765715258e-05
541 4.02159187545718e-05
542 4.00859962504524e-05
543 3.99565074659264e-05
544 3.98274508149948e-05
545 3.96988247188890e-05
546 3.95706276059857e-05
547 3.94428579118198e-05
548 3.93155140789702e-05
549 3.91885945570602e-05
550 3.90620978027024e-05
551 3.89360222794506e-05
552 3.88103664577418e-05
553 3.86851288148731e-05
554 3.85603078349569e-05
555 3.84359020088614e-05
556 3.83119098341834e-05
557 3.81883298152154e-05
558 3.80651604628625e-05
559 3.79424002946407e-05
560 3.78200478346276e-05
561 3.76981016133985e-05
562 3.75765601680167e-05
563 3.74554220419850e-05
564 3.73346857851881e-05
565 3.72143499538739e-05
566 3.70944131105939e-05
567 3.69748738241994e-05
568 3.68557306697637e-05
569 3.67369822285550e-05
570 3.66186270880205e-05
571 3.65006638417256e-05
572 3.63830910893165e-05
573 3.62659074365056e-05
574 3.61491114949995e-05
575 3.60327018825086e-05
576 3.59166772226608e-05
577 3.58010361450024e-05
578 3.56857772849566e-05
579 3.55708992837597e-05
580 3.54564007884854e-05
581 3.53422804519416e-05
582 3.52285369326876e-05
583 3.51151688949648e-05
584 3.50021750087126e-05
585 3.48895539494587e-05
586 3.47773043983618e-05
587 3.46654250421408e-05
588 3.45539145730396e-05
589 3.44427716888022e-05
590 3.43319950926549e-05
591 3.42215834932619e-05
592 3.41115356046731e-05
593 3.40018501463315e-05
594 3.38925258430262e-05
595 3.37835614248469e-05
596 3.36749556271741e-05
597 3.35667071906408e-05
598 3.34588148611072e-05
599 3.33512773896165e-05
600 3.32440935323866e-05
601 3.31372620507539e-05
602 3.30307817111796e-05
603 3.29246512851940e-05
604 3.28188695493684e-05
605 3.27134352853091e-05
606 3.26083472796026e-05
607 3.25036043238042e-05
608 3.23992052144059e-05
609 3.22951487528045e-05
610 3.21914337452862e-05
611 3.20880590029817e-05
612 3.19850233418514e-05
613 3.18823255826856e-05
614 3.17799645510053e-05
615 3.16779390771133e-05
616 3.15762479960172e-05
617 3.14748901474353e-05
618 3.13738643757464e-05
619 3.12731695299850e-05
620 3.11728044638000e-05
621 3.10727680354516e-05
622 3.09730591077471e-05
623 3.08736765480671e-05
624 3.07746192283014e-05
625 3.06758860248342e-05
626 3.05774758185356e-05
627 3.04793874947238e-05
628 3.03816199431356e-05
629 3.02841720579299e-05
630 3.01870427376271e-05
631 3.00902308851199e-05
632 2.99937354076202e-05
633 2.98975552166654e-05
634 2.98016892280824e-05
635 2.97061363619544e-05
636 2.96108955426171e-05
637 2.95159656986260e-05
638 2.94213457627364e-05
639 2.93270346718914e-05
640 2.92330313671808e-05
641 2.91393347938288e-05
642 2.90459439011817e-05
643 2.89528576426914e-05
644 2.88600749758508e-05
645 2.87675948622239e-05
646 2.86754162674176e-05
647 2.85835381610196e-05
648 2.84919595166390e-05
649 2.84006793118280e-05
650 2.83096965281096e-05
651 2.82190101509308e-05
652 2.81286191696372e-05
653 2.80385225774801e-05
654 2.79487193715800e-05
655 2.78592085529024e-05
656 2.77699891262572e-05
657 2.76810601002449e-05
658 2.75924204872909e-05
659 2.75040693035768e-05
660 2.74160055690539e-05
661 2.73282283073858e-05
662 2.72407365459969e-05
663 2.71535293159822e-05
664 2.70666056521327e-05
665 2.69799645929025e-05
666 2.68936051804014e-05
667 2.68075264603545e-05
668 2.67217274821199e-05
669 2.66362072986283e-05
670 2.65509649664007e-05
671 2.64659995455283e-05
672 2.63813100996220e-05
673 2.62968956958333e-05
674 2.62127554048209e-05
675 2.61288883007390e-05
676 2.60452934612239e-05
677 2.59619699673500e-05
678 2.58789169036514e-05
679 2.57961333580850e-05
680 2.57136184220115e-05
681 2.56313711902056e-05
682 2.55493907607899e-05
683 2.54676762352703e-05
684 2.53862267184990e-05
685 2.53050413186492e-05
686 2.52241191472244e-05
687 2.51434593189983e-05
688 2.50630609520663e-05
689 2.49829231677574e-05
690 2.49030450906830e-05
691 2.48234258486824e-05
692 2.47440645728112e-05
693 2.46649603973401e-05
694 2.45861124597298e-05
695 2.45075199006416e-05
696 2.44291818638640e-05
697 2.43510974963635e-05
698 2.42732659482362e-05
699 2.41956863727008e-05
700 2.41183579260634e-05
701 2.40412797677620e-05
702 2.39644510602811e-05
703 2.38878709691776e-05
704 2.38115386630662e-05
705 2.37354533136021e-05
706 2.36596140954487e-05
707 2.35840201862885e-05
708 2.35086707668145e-05
709 2.34335650206684e-05
710 2.33587021344960e-05
711 2.32840812978853e-05
712 2.32097017033614e-05
713 2.31355625464063e-05
714 2.30616630253729e-05
715 2.29880023415641e-05
716 2.29145796991490e-05
717 2.28413943051866e-05
718 2.27684453695996e-05
719 2.26957321051500e-05
720 2.26232537274640e-05
721 2.25510094549830e-05
722 2.24789985089608e-05
723 2.24072201134708e-05
724 2.23356734953563e-05
725 2.22643578842679e-05
726 2.21932725125867e-05
727 2.21224166154916e-05
728 2.20517894308614e-05
729 2.19813901993429e-05
730 2.19112181642795e-05
731 2.18412725717374e-05
732 2.17715526704604e-05
733 2.17020577119026e-05
734 2.16327869501724e-05
735 2.15637396420374e-05
736 2.14949150469305e-05
737 2.14263124269167e-05
738 2.13579310466897e-05
739 2.12897701735516e-05
740 2.12218290774221e-05
741 2.11541070308009e-05
742 2.10866033087936e-05
743 2.10193171890642e-05
744 2.09522479518298e-05
745 2.08853948798698e-05
746 2.08187572585061e-05
747 2.07523343755862e-05
748 2.06861255214730e-05
749 2.06201299890372e-05
750 2.05543470736605e-05
751 2.04887760731965e-05
752 2.04234162879779e-05
753 2.03582670208100e-05
754 2.02933275769631e-05
755 2.02285972641262e-05
756 2.01640753924559e-05
757 2.00997612745155e-05
758 2.00356542252829e-05
759 1.99717535621576e-05
760 1.99080586049246e-05
761 1.98445686757455e-05
762 1.97812830991807e-05
763 1.97182012021518e-05
764 1.96553223139095e-05
765 1.95926457661049e-05
766 1.95301708926741e-05
767 1.94678970299057e-05
768 1.94058235164174e-05
769 1.93439496931107e-05
770 1.92822749032084e-05
771 1.92207984922205e-05
772 1.91595198079198e-05
773 1.90984382003824e-05
774 1.90375530219171e-05
775 1.89768636271100e-05
776 1.89163693727768e-05
777 1.88560696179747e-05
778 1.87959637239904e-05
779 1.87360510543251e-05
780 1.86763309746892e-05
781 1.86168028529935e-05
782 1.85574660593418e-05
783 1.84983199660145e-05
784 1.84393639474753e-05
785 1.83805973803500e-05
786 1.83220196434185e-05
787 1.82636301176052e-05
788 1.82054281859897e-05
789 1.81474132337641e-05
790 1.80895846482524e-05
791 1.80319418188885e-05
792 1.79744841372216e-05
793 1.79172109968926e-05
794 1.78601217936315e-05
795 1.78032159252448e-05
796 1.77464927916263e-05
797 1.76899517947281e-05
798 1.76335923385436e-05
799 1.75774138291336e-05
800 1.75214156746008e-05
801 1.74655972850718e-05
802 1.74099580726989e-05
803 1.73544974516540e-05
804 1.72992148381206e-05
805 1.72441096502791e-05
806 1.71891813083148e-05
807 1.71344292343750e-05
808 1.70798528526102e-05
809 1.70254515891293e-05
810 1.69712248720072e-05
811 1.69171721312726e-05
812 1.68632927989043e-05
813 1.68095863088225e-05
814 1.67560520968690e-05
815 1.67026896008387e-05
816 1.66494982604139e-05
817 1.65964775172021e-05
818 1.65436268147131e-05
819 1.64909455983582e-05
820 1.64384333154260e-05
821 1.63860894150940e-05
822 1.63339133484197e-05
823 1.62819045683225e-05
824 1.62300625295765e-05
825 1.61783866888158e-05
826 1.61268765045211e-05
827 1.60755314370100e-05
828 1.60243509484397e-05
829 1.59733345027805e-05
830 1.59224815658386e-05
831 1.58717916052108e-05
832 1.58212640903120e-05
833 1.57708984923424e-05
834 1.57206942843265e-05
835 1.56706509410342e-05
836 1.56207679390328e-05
837 1.55710447566661e-05
838 1.55214808740247e-05
839 1.54720757729683e-05
840 1.54228289371071e-05
841 1.53737398517947e-05
842 1.53248080041340e-05
843 1.52760328829355e-05
844 1.52274139787559e-05
845 1.51789507838665e-05
846 1.51306427922510e-05
847 1.50824894995950e-05
848 1.50344904032841e-05
849 1.49866450024042e-05
850 1.49389527977229e-05
851 1.48914132916857e-05
852 1.48440259884332e-05
853 1.47967903937453e-05
854 1.47497060150810e-05
855 1.47027723615468e-05
856 1.46559889439333e-05
857 1.46093552746182e-05
858 1.45628708676640e-05
859 1.45165352387353e-05
860 1.44703479051559e-05
861 1.44243083858338e-05
862 1.43784162013149e-05
863 1.43326708737396e-05
864 1.42870719268719e-05
865 1.42416188860372e-05
866 1.41963112781908e-05
867 1.41511486318489e-05
868 1.41061304771105e-05
869 1.40612563456448e-05
870 1.40165257707167e-05
871 1.39719382870987e-05
872 1.39274934311726e-05
873 1.38831907408448e-05
874 1.38390297555698e-05
875 1.37950100163537e-05
876 1.37511310657048e-05
877 1.37073924477009e-05
878 1.36637937079167e-05
879 1.36203343934478e-05
880 1.35770140529065e-05
881 1.35338322364030e-05
882 1.34907884955623e-05
883 1.34478823834897e-05
884 1.34051134548004e-05
885 1.33624812655657e-05
886 1.33199853733595e-05
887 1.32776253372230e-05
888 1.32354007176671e-05
889 1.31933110766591e-05
890 1.31513559776368e-05
891 1.31095349854772e-05
892 1.30678476665179e-05
893 1.30262935885303e-05
894 1.29848723207311e-05
895 1.29435834337594e-05
896 1.29024264996850e-05
897 1.28614010920113e-05
898 1.28205067856375e-05
899 1.27797431568923e-05
900 1.27391097835082e-05
901 1.26986062446070e-05
902 1.26582321207240e-05
903 1.26179869937844e-05
904 1.25778704470871e-05
905 1.25378820653199e-05
906 1.24980214345617e-05
907 1.24582881422369e-05
908 1.24186817771649e-05
909 1.23792019295042e-05
910 1.23398481907915e-05
911 1.23006201539047e-05
912 1.22615174130653e-05
913 1.22225395638485e-05
914 1.21836862031604e-05
915 1.21449569292582e-05
916 1.21063513417052e-05
917 1.20678690413964e-05
918 1.20295096305564e-05
919 1.19912727127192e-05
920 1.19531578927279e-05
921 1.19151647767256e-05
922 1.18772929721646e-05
923 1.18395420878087e-05
924 1.18019117336761e-05
925 1.17644015211130e-05
926 1.17270110627187e-05
927 1.16897399723872e-05
928 1.16525878652887e-05
929 1.16155543578497e-05
930 1.15786390677689e-05
931 1.15418416140164e-05
932 1.15051616168082e-05
933 1.14685986976035e-05
934 1.14321524791224e-05
935 1.13958225853360e-05
936 1.13596086414301e-05
937 1.13235102738484e-05
938 1.12875271102531e-05
939 1.12516587795366e-05
940 1.12159049118087e-05
941 1.11802651384035e-05
942 1.11447390918615e-05
943 1.11093264059361e-05
944 1.10740267155861e-05
945 1.10388396569761e-05
946 1.10037648674616e-05
947 1.09688019855781e-05
948 1.09339506510709e-05
949 1.08992105048679e-05
950 1.08645811890655e-05
951 1.08300623469312e-05
952 1.07956536229272e-05
953 1.07613546626665e-05
954 1.07271651129219e-05
955 1.06930846216531e-05
956 1.06591128379350e-05
957 1.06252494120296e-05
958 1.05914939953329e-05
959 1.05578462403786e-05
960 1.05243058008608e-05
961 1.04908723315831e-05
962 1.04575454885038e-05
963 1.04243249286912e-05
964 1.03912103103517e-05
965 1.03582012928070e-05
966 1.03252975365021e-05
967 1.02924987029725e-05
968 1.02598044548948e-05
969 1.02272144560380e-05
970 1.01947283712472e-05
971 1.01623458665093e-05
972 1.01300666088690e-05
973 1.00978902664851e-05
974 1.00658165085920e-05
975 1.00338450055024e-05
976 1.00019754286201e-05
977 9.97020745040744e-06
978 9.93854074442432e-06
979 9.90697498526403e-06
980 9.87550984861569e-06
981 9.84414501120937e-06
982 9.81288015084633e-06
983 9.78171494636629e-06
984 9.75064907767517e-06
985 9.71968222570300e-06
986 9.68881407244588e-06
987 9.65804430093110e-06
988 9.62737259520883e-06
989 9.59679864038524e-06
990 9.56632212256932e-06
991 9.53594272891587e-06
992 9.50566014758490e-06
993 9.47547406777056e-06
994 9.44538417967436e-06
995 9.41539017450033e-06
996 9.38549174446882e-06
997 9.35568858281109e-06
998 9.32598038374539e-06
999 9.29636684248778e-06
1000 9.26684765527384e-06
1001 9.23742251929816e-06
1002 9.20809113275656e-06
1003 9.17885319482726e-06
1004 9.14970840567055e-06
1005 9.12065646642087e-06
1006 9.09169707919167e-06
1007 9.06282994706386e-06
1008 9.03405477408584e-06
1009 9.00537126527027e-06
1010 8.97677912659641e-06
1011 8.94827806498998e-06
1012 8.91986778833928e-06
1013 8.89154800548141e-06
1014 8.86331842620564e-06
1015 8.83517876123705e-06
1016 8.80712872225518e-06
1017 8.77916802186101e-06
1018 8.75129637360981e-06
1019 8.72351349197588e-06
1020 8.69581909236632e-06
1021 8.66821289111700e-06
1022 8.64069460548322e-06
1023 8.61326395363994e-06
1024 8.58592065466616e-06
1025 8.55866442858661e-06
1026 8.53149499631552e-06
1027 8.50441207966227e-06
1028 8.47741540137203e-06
1029 8.45050468506790e-06
1030 8.42367965526527e-06
1031 8.39694003739861e-06
1032 8.37028555778053e-06
1033 8.34371594361590e-06
1034 8.31723092298730e-06
1035 8.29083022488400e-06
1036 8.26451357914280e-06
1037 8.23828071650335e-06
1038 8.21213136856749e-06
1039 8.18606526781360e-06
1040 8.16008214759234e-06
1041 8.13418174210440e-06
1042 8.10836378642860e-06
1043 8.08262801649962e-06
1044 8.05697416910624e-06
1045 8.03140198189731e-06
1046 8.00591119336475e-06
1047 7.98050154285712e-06
1048 7.95517277055810e-06
1049 7.92992461749972e-06
1050 7.90475682556624e-06
1051 7.87966913745652e-06
1052 7.85466129671339e-06
1053 7.82973304772503e-06
1054 7.80488413567307e-06
1055 7.78011430661574e-06
1056 7.75542330738842e-06
1057 7.73081088567282e-06
1058 7.70627678995152e-06
1059 7.68182076954055e-06
1060 7.65744257455865e-06
1061 7.63314195592723e-06
1062 7.60891866539209e-06
1063 7.58477245548715e-06
1064 7.56070307954900e-06
1065 7.53671029172879e-06
1066 7.51279384695326e-06
1067 7.48895350095890e-06
1068 7.46518901026439e-06
1069 7.44150013217934e-06
1070 7.41788662479614e-06
1071 7.39434824699866e-06
1072 7.37088475843596e-06
1073 7.34749591955116e-06
1074 7.32418149155849e-06
1075 7.30094123643226e-06
1076 7.27777491693556e-06
1077 7.25468229659334e-06
1078 7.23166313967871e-06
1079 7.20871721124932e-06
1080 7.18584427711656e-06
1081 7.16304410384291e-06
1082 7.14031645875987e-06
1083 7.11766110992664e-06
1084 7.09507782617912e-06
1085 7.07256637707716e-06
1086 7.05012653295148e-06
1087 7.02775806484868e-06
1088 7.00546074457500e-06
1089 6.98323434466760e-06
1090 6.96107863839139e-06
1091 6.93899339975681e-06
1092 6.91697840349635e-06
1093 6.89503342506915e-06
1094 6.87315824066961e-06
1095 6.85135262720587e-06
1096 6.82961636230885e-06
1097 6.80794922432672e-06
1098 6.78635099232871e-06
1099 6.76482144609464e-06
1100 6.74336036611248e-06
1101 6.72196753358495e-06
1102 6.70064273041502e-06
1103 6.67938573920941e-06
1104 6.65819634328289e-06
1105 6.63707432665112e-06
1106 6.61601947401373e-06
1107 6.59503157078165e-06
1108 6.57411040305455e-06
1109 6.55325575760332e-06
1110 6.53246742191305e-06
1111 6.51174518414877e-06
1112 6.49108883313905e-06
1113 6.47049815842288e-06
1114 6.44997295019847e-06
1115 6.42951299934089e-06
1116 6.40911809740967e-06
1117 6.38878803663663e-06
1118 6.36852260992086e-06
1119 6.34832161081398e-06
1120 6.32818483355963e-06
1121 6.30811207304796e-06
1122 6.28810312484031e-06
1123 6.26815778514563e-06
1124 6.24827585082704e-06
1125 6.22845711943034e-06
1126 6.20870138912137e-06
1127 6.18900845874574e-06
1128 6.16937812775390e-06
1129 6.14981019629743e-06
1130 6.13030446513462e-06
1131 6.11086073567304e-06
1132 6.09147880996514e-06
1133 6.07215849070102e-06
1134 6.05289958121164e-06
1135 6.03370188543808e-06
1136 6.01456520797775e-06
1137 5.99548935404918e-06
1138 5.97647412950717e-06
1139 5.95751934080520e-06
1140 5.93862479505101e-06
1141 5.91979029995517e-06
1142 5.90101566384800e-06
1143 5.88230069569512e-06
1144 5.86364520504602e-06
1145 5.84504900209686e-06
1146 5.82651189762516e-06
1147 5.80803370304010e-06
1148 5.78961423034840e-06
1149 5.77125329215788e-06
1150 5.75295070168673e-06
1151 5.73470627274736e-06
1152 5.71651981976779e-06
1153 5.69839115774917e-06
1154 5.68032010229971e-06
1155 5.66230646962886e-06
1156 5.64435007652761e-06
1157 5.62645074036822e-06
1158 5.60860827913294e-06
1159 5.59082251136710e-06
1160 5.57309325621684e-06
1161 5.55542033340181e-06
1162 5.53780356322275e-06
1163 5.52024276654883e-06
1164 5.50273776484503e-06
1165 5.48528838014329e-06
1166 5.46789443503397e-06
1167 5.45055575268466e-06
1168 5.43327215685423e-06
1169 5.41604347182706e-06
1170 5.39886952249134e-06
1171 5.38175013427183e-06
1172 5.36468513316469e-06
1173 5.34767434573377e-06
1174 5.33071759908312e-06
1175 5.31381472087832e-06
1176 5.29696553933854e-06
1177 5.28016988325114e-06
1178 5.26342758192610e-06
1179 5.24673846524420e-06
1180 5.23010236362110e-06
1181 5.21351910801558e-06
1182 5.19698852994157e-06
1183 5.18051046145020e-06
1184 5.16408473511484e-06
1185 5.14771118407417e-06
1186 5.13138964198468e-06
1187 5.11511994304704e-06
1188 5.09890192198391e-06
1189 5.08273541405380e-06
1190 5.06662025505332e-06
1191 5.05055628127682e-06
1192 5.03454332958918e-06
1193 5.01858123733687e-06
1194 5.00266984242636e-06
1195 4.98680898325062e-06
1196 4.97099849873633e-06
1197 4.95523822832960e-06
1198 4.93952801199090e-06
1199 4.92386769018890e-06
1200 4.90825710391637e-06
1201 4.89269609465781e-06
1202 4.87718450442573e-06
1203 4.86172217572102e-06
1204 4.84630895157244e-06
1205 4.83094467549536e-06
1206 4.81562919150151e-06
1207 4.80036234412664e-06
1208 4.78514397838104e-06
1209 4.76997393980068e-06
1210 4.75485207438653e-06
1211 4.73977822863887e-06
1212 4.72475224958063e-06
1213 4.70977398468991e-06
1214 4.69484328194109e-06
1215 4.67995998981912e-06
1216 4.66512395726591e-06
1217 4.65033503373047e-06
1218 4.63559306911924e-06
1219 4.62089791384579e-06
1220 4.60624941879421e-06
1221 4.59164743532751e-06
1222 4.57709181527371e-06
1223 4.56258241095370e-06
1224 4.54811907514751e-06
1225 4.53370166111252e-06
1226 4.51933002258318e-06
1227 4.50500401375539e-06
1228 4.49072348929173e-06
1229 4.47648830432685e-06
1230 4.46229831445430e-06
1231 4.44815337572646e-06
1232 4.43405334467527e-06
1233 4.41999807827173e-06
1234 4.40598743395063e-06
1235 4.39202126961344e-06
1236 4.37809944360503e-06
1237 4.36422181472993e-06
1238 4.35038824224453e-06
1239 4.33659858586048e-06
1240 4.32285270573014e-06
1241 4.30915046246140e-06
1242 4.29549171710232e-06
1243 4.28187633114949e-06
1244 4.26830416655242e-06
1245 4.25477508568066e-06
1246 4.24128895136446e-06
1247 4.22784562686261e-06
1248 4.21444497588370e-06
1249 4.20108686256516e-06
1250 4.18777115146438e-06
1251 4.17449770759612e-06
1252 4.16126639640937e-06
1253 4.14807708376181e-06
1254 4.13492963595420e-06
1255 4.12182391971744e-06
1256 4.10875980220487e-06
1257 4.09573715099456e-06
1258 4.08275583408334e-06
1259 4.06981571990787e-06
1260 4.05691667731254e-06
1261 4.04405857556027e-06
1262 4.03124128434365e-06
1263 4.01846467375111e-06
1264 4.00572861432063e-06
1265 3.99303297697302e-06
1266 3.98037763305381e-06
1267 3.96776245432337e-06
1268 3.95518731295149e-06
1269 3.94265208152021e-06
1270 3.93015663300850e-06
1271 3.91770084080312e-06
1272 3.90528457871468e-06
1273 3.89290772092754e-06
1274 3.88057014206197e-06
1275 3.86827171711534e-06
1276 3.85601232148951e-06
1277 3.84379183098471e-06
1278 3.83161012181292e-06
1279 3.81946707056249e-06
1280 3.80736255422631e-06
1281 3.79529645019611e-06
1282 3.78326863623459e-06
1283 3.77127899052654e-06
1284 3.75932739161328e-06
1285 3.74741371845929e-06
1286 3.73553785038624e-06
1287 3.72369966711402e-06
1288 3.71189904874908e-06
1289 3.70013587577792e-06
1290 3.68841002907535e-06
1291 3.67672138988253e-06
1292 3.66506983983870e-06
1293 3.65345526095354e-06
1294 3.64187753560731e-06
1295 3.63033654656998e-06
1296 3.61883217696638e-06
1297 3.60736431032029e-06
1298 3.59593283051062e-06
1299 3.58453762179416e-06
1300 3.57317856879892e-06
1301 3.56185555649904e-06
1302 3.55056847028848e-06
1303 3.53931719587101e-06
1304 3.52810161933907e-06
1305 3.51692162715849e-06
1306 3.50577710614685e-06
1307 3.49466794348972e-06
1308 3.48359402672295e-06
1309 3.47255524375425e-06
1310 3.46155148283801e-06
1311 3.45058263260361e-06
1312 3.43964858200858e-06
1313 3.42874922039188e-06
1314 3.41788443743112e-06
1315 3.40705412316336e-06
1316 3.39625816796065e-06
1317 3.38549646258221e-06
1318 3.37476889809731e-06
1319 3.36407536593951e-06
1320 3.35341575789434e-06
1321 3.34278996608478e-06
1322 3.33219788298212e-06
1323 3.32163940139981e-06
1324 3.31111441449347e-06
1325 3.30062281576414e-06
1326 3.29016449903745e-06
1327 3.27973935850874e-06
1328 3.26934728867913e-06
1329 3.25898818440401e-06
1330 3.24866194087341e-06
1331 3.23836845361356e-06
1332 3.22810761846248e-06
1333 3.21787933163790e-06
1334 3.20768348963962e-06
1335 3.19751998932283e-06
1336 3.18738872786578e-06
1337 3.17728960277473e-06
1338 3.16722251189682e-06
1339 3.15718735338971e-06
1340 3.14718402574272e-06
1341 3.13721242775554e-06
1342 3.12727245857010e-06
1343 3.11736401764760e-06
1344 3.10748700476053e-06
1345 3.09764132000312e-06
1346 3.08782686380347e-06
1347 3.07804353688287e-06
1348 3.06829124030268e-06
1349 3.05856987542534e-06
1350 3.04887934392854e-06
1351 3.03921954781757e-06
1352 3.02959038939932e-06
1353 3.01999177128778e-06
1354 3.01042359642167e-06
1355 3.00088576803744e-06
1356 2.99137818969128e-06
1357 2.98190076523566e-06
1358 2.97245339883154e-06
1359 2.96303599495685e-06
1360 2.95364845839472e-06
1361 2.94429069420049e-06
1362 2.93496260777811e-06
1363 2.92566410480667e-06
1364 2.91639509126349e-06
1365 2.90715547344276e-06
1366 2.89794515792164e-06
1367 2.88876405158650e-06
1368 2.87961206162160e-06
1369 2.87048909549637e-06
1370 2.86139506097874e-06
1371 2.85232986614062e-06
1372 2.84329341933803e-06
1373 2.83428562921885e-06
1374 2.82530640473395e-06
1375 2.81635565510524e-06
1376 2.80743328985454e-06
1377 2.79853921880042e-06
1378 2.78967335204167e-06
1379 2.78083559995946e-06
1380 2.77202587322574e-06
1381 2.76324408279795e-06
1382 2.75449013991525e-06
1383 2.74576395609572e-06
1384 2.73706544314948e-06
1385 2.72839451316582e-06
1386 2.71975107850805e-06
1387 2.71113505182675e-06
1388 2.70254634604353e-06
1389 2.69398487436040e-06
1390 2.68545055025759e-06
1391 2.67694328749289e-06
1392 2.66846300009185e-06
1393 2.66000960236776e-06
1394 2.65158300889099e-06
1395 2.64318313451350e-06
1396 2.63480989435398e-06
1397 2.62646320381562e-06
1398 2.61814297855221e-06
1399 2.60984913448957e-06
1400 2.60158158784307e-06
1401 2.59334025506417e-06
1402 2.58512505289077e-06
1403 2.57693589831793e-06
1404 2.56877270860966e-06
1405 2.56063540129937e-06
1406 2.55252389416909e-06
1407 2.54443810527298e-06
1408 2.53637795291842e-06
1409 2.52834335568147e-06
1410 2.52033423239810e-06
1411 2.51235050215788e-06
1412 2.50439208430675e-06
1413 2.49645889846120e-06
1414 2.48855086446533e-06
1415 2.48066790245348e-06
1416 2.47280993278389e-06
1417 2.46497687609595e-06
1418 2.45716865326193e-06
1419 2.44938518541182e-06
1420 2.44162639393821e-06
1421 2.43389220045977e-06
1422 2.42618252686984e-06
1423 2.41849729529855e-06
1424 2.41083642812205e-06
1425 2.40319984797338e-06
1426 2.39558747771247e-06
1427 2.38799924048255e-06
1428 2.38043505962566e-06
1429 2.37289485875910e-06
1430 2.36537856173714e-06
1431 2.35788609265687e-06
1432 2.35041737584164e-06
1433 2.34297233588349e-06
1434 2.33555089760060e-06
1435 2.32815298603815e-06
1436 2.32077852649652e-06
1437 2.31342744451838e-06
1438 2.30609966585877e-06
1439 2.29879511654474e-06
1440 2.29151372280217e-06
1441 2.28425541112033e-06
1442 2.27702010820393e-06
1443 2.26980774101029e-06
1444 2.26261823671117e-06
1445 2.25545152271195e-06
1446 2.24830752666716e-06
1447 2.24118617643788e-06
1448 2.23408740013076e-06
1449 2.22701112608149e-06
1450 2.21995728283992e-06
1451 2.21292579919679e-06
1452 2.20591660416205e-06
1453 2.19892962698499e-06
1454 2.19196479712153e-06
1455 2.18502204426484e-06
1456 2.17810129832752e-06
1457 2.17120248945224e-06
1458 2.16432554798965e-06
1459 2.15747040452711e-06
1460 2.15063698985626e-06
1461 2.14382523501471e-06
1462 2.13703507122916e-06
1463 2.13026642996665e-06
1464 2.12351924291031e-06
1465 2.11679344194895e-06
1466 2.11008895920094e-06
1467 2.10340572699627e-06
1468 2.09674367787873e-06
1469 2.09010274460639e-06
1470 2.08348286015079e-06
1471 2.07688395771388e-06
1472 2.07030597067990e-06
1473 2.06374883266319e-06
1474 2.05721247749138e-06
1475 2.05069683918828e-06
1476 2.04420185201633e-06
1477 2.03772745040678e-06
1478 2.03127356903942e-06
1479 2.02484014277591e-06
1480 2.01842710669705e-06
1481 2.01203439608217e-06
1482 2.00566194642113e-06
1483 1.99930969340483e-06
1484 1.99297757294786e-06
1485 1.98666552114238e-06
1486 1.98037347429650e-06
1487 1.97410136892125e-06
1488 1.96784914172997e-06
1489 1.96161672963580e-06
1490 1.95540406974974e-06
1491 1.94921109938375e-06
1492 1.94303775606103e-06
1493 1.93688397748507e-06
1494 1.93074970156847e-06
1495 1.92463486642509e-06
1496 1.91853941035307e-06
1497 1.91246327185822e-06
1498 1.90640638963652e-06
1499 1.90036870258092e-06
1500 1.89435014977625e-06
1501 1.88835067050011e-06
1502 1.88237020423395e-06
1503 1.87640869064217e-06
1504 1.87046606957608e-06
1505 1.86454228109544e-06
1506 1.85863726543265e-06
1507 1.85275096302041e-06
1508 1.84688331447907e-06
1509 1.84103426062202e-06
1510 1.83520374243787e-06
1511 1.82939170112008e-06
1512 1.82359807803087e-06
1513 1.81782281473755e-06
1514 1.81206585297687e-06
1515 1.80632713468607e-06
1516 1.80060660197503e-06
1517 1.79490419714423e-06
1518 1.78921986267981e-06
1519 1.78355354123827e-06
1520 1.77790517567071e-06
1521 1.77227470901070e-06
1522 1.76666208446080e-06
1523 1.76106724541837e-06
1524 1.75549013544995e-06
1525 1.74993069831143e-06
1526 1.74438887792737e-06
1527 1.73886461841189e-06
1528 1.73335786404014e-06
1529 1.72786855928463e-06
1530 1.72239664878320e-06
1531 1.71694207734413e-06
1532 1.71150478996399e-06
1533 1.70608473181575e-06
1534 1.70068184822831e-06
1535 1.69529608471846e-06
1536 1.68992738698086e-06
1537 1.68457570086028e-06
1538 1.67924097240987e-06
1539 1.67392314781244e-06
1540 1.66862217345987e-06
1541 1.66333799588793e-06
1542 1.65807056181702e-06
1543 1.65281981812852e-06
1544 1.64758571187378e-06
1545 1.64236819028140e-06
1546 1.63716720073593e-06
1547 1.63198269080361e-06
1548 1.62681460819723e-06
1549 1.62166290081636e-06
1550 1.61652751670724e-06
1551 1.61140840409203e-06
1552 1.60630551136513e-06
1553 1.60121878706324e-06
1554 1.59614817991581e-06
1555 1.59109363878896e-06
1556 1.58605511272238e-06
1557 1.58103255092406e-06
1558 1.57602590273930e-06
1559 1.57103511770830e-06
1560 1.56606014550963e-06
1561 1.56110093598608e-06
1562 1.55615743914081e-06
1563 1.55122960512681e-06
1564 1.54631738428262e-06
1565 1.54142072707469e-06
1566 1.53653958414171e-06
1567 1.53167390627368e-06
1568 1.52682364443082e-06
1569 1.52198874971049e-06
1570 1.51716917336673e-06
1571 1.51236486682516e-06
1572 1.50757578164719e-06
1573 1.50280186956221e-06
1574 1.49804308244376e-06
1575 1.49329937232701e-06
1576 1.48857069139016e-06
1577 1.48385699196468e-06
1578 1.47915822655037e-06
1579 1.47447434776897e-06
1580 1.46980530841364e-06
1581 1.46515106142823e-06
1582 1.46051155988997e-06
1583 1.45588675704068e-06
1584 1.45127660625786e-06
1585 1.44668106109021e-06
1586 1.44210007520670e-06
1587 1.43753360243230e-06
1588 1.43298159674789e-06
1589 1.42844401227099e-06
1590 1.42392080327634e-06
1591 1.41941192416382e-06
1592 1.41491732950127e-06
1593 1.41043697398156e-06
1594 1.40597081245353e-06
1595 1.40151879990702e-06
1596 1.39708089146782e-06
1597 1.39265704241619e-06
1598 1.38824720816530e-06
1599 1.38385134427718e-06
1600 1.37946940644649e-06
1601 1.37510135051811e-06
1602 1.37074713246744e-06
1603 1.36640670841083e-06
1604 1.36208003462021e-06
1605 1.35776706748255e-06
1606 1.35346776354331e-06
1607 1.34918207946995e-06
1608 1.34490997207665e-06
1609 1.34065139831781e-06
1610 1.33640631527691e-06
1611 1.33217468018109e-06
1612 1.32795645038045e-06
1613 1.32375158338157e-06
1614 1.31956003679764e-06
1615 1.31538176841255e-06
1616 1.31121673610450e-06
1617 1.30706489791826e-06
1618 1.30292621201770e-06
1619 1.29880063670081e-06
1620 1.29468813038880e-06
1621 1.29058865165524e-06
1622 1.28650215918788e-06
1623 1.28242861181680e-06
1624 1.27836796850168e-06
1625 1.27432018831577e-06
1626 1.27028523049086e-06
1627 1.26626305436137e-06
1628 1.26225361940457e-06
1629 1.25825688523060e-06
1630 1.25427281156325e-06
1631 1.25030135827050e-06
1632 1.24634248534305e-06
1633 1.24239615287794e-06
1634 1.23846232113609e-06
1635 1.23454095046496e-06
1636 1.23063200138350e-06
1637 1.22673543449191e-06
1638 1.22285121053788e-06
1639 1.21897929039447e-06
1640 1.21511963504517e-06
1641 1.21127220561590e-06
1642 1.20743696334844e-06
1643 1.20361386959824e-06
1644 1.19980288585750e-06
1645 1.19600397373323e-06
1646 1.19221709495046e-06
1647 1.18844221136976e-06
1648 1.18467928495485e-06
1649 1.18092827781165e-06
1650 1.17718915213654e-06
1651 1.17346187028098e-06
1652 1.16974639469720e-06
1653 1.16604268794709e-06
1654 1.16235071272774e-06
1655 1.15867043185137e-06
1656 1.15500180824258e-06
1657 1.15134480495515e-06
1658 1.14769938513743e-06
1659 1.14406551208600e-06
1660 1.14044314918743e-06
1661 1.13683225996267e-06
1662 1.13323280803900e-06
1663 1.12964475714658e-06
1664 1.12606807116684e-06
1665 1.12250271405877e-06
1666 1.11894864992120e-06
1667 1.11540584294434e-06
1668 1.11187425745264e-06
1669 1.10835385787821e-06
1670 1.10484460875683e-06
1671 1.10134647475067e-06
1672 1.09785942062711e-06
1673 1.09438341125479e-06
1674 1.09091841163921e-06
1675 1.08746438686666e-06
1676 1.08402130216300e-06
1677 1.08058912284346e-06
1678 1.07716781434406e-06
1679 1.07375734220230e-06
1680 1.07035767208135e-06
1681 1.06696876974419e-06
1682 1.06359060104628e-06
1683 1.06022313197100e-06
1684 1.05686632860139e-06
1685 1.05352015714369e-06
1686 1.05018458389036e-06
1687 1.04685957525226e-06
1688 1.04354509774171e-06
1689 1.04024111798377e-06
1690 1.03694760269810e-06
1691 1.03366451872771e-06
1692 1.03039183299978e-06
1693 1.02712951256969e-06
1694 1.02387752457400e-06
1695 1.02063583626858e-06
1696 1.01740441501005e-06
1697 1.01418322825796e-06
1698 1.01097224357635e-06
1699 1.00777142862158e-06
1700 1.00458075117863e-06
1701 1.00140017910465e-06
1702 9.98229680370206e-07
1703 9.95069223061377e-07
1704 9.91918775342479e-07
1705 9.88778305497784e-07
1706 9.85647781902708e-07
1707 9.82527173031008e-07
1708 9.79416447465134e-07
1709 9.76315573877859e-07
1710 9.73224521054168e-07
1711 9.70143257858335e-07
1712 9.67071753268210e-07
1713 9.64009976366777e-07
1714 9.60957896309689e-07
1715 9.57915482382028e-07
1716 9.54882703931617e-07
1717 9.51859530441096e-07
1718 9.48845931457074e-07
1719 9.45841876643483e-07
1720 9.42847335758114e-07
1721 9.39862278637408e-07
1722 9.36886675239158e-07
1723 9.33920495594600e-07
1724 9.30963709844555e-07
1725 9.28016288219968e-07
1726 9.25078201050217e-07
1727 9.22149418745722e-07
1728 9.19229911819782e-07
1729 9.16319650880156e-07
1730 9.13418606630494e-07
1731 9.10526749856476e-07
1732 9.07644051449697e-07
1733 9.04770482386381e-07
1734 9.01906013729924e-07
1735 8.99050616649057e-07
1736 8.96204262403530e-07
1737 8.93366922323960e-07
1738 8.90538567849811e-07
1739 8.87719170511679e-07
1740 8.84908701921012e-07
1741 8.82107133782192e-07
1742 8.79314437899372e-07
1743 8.76530586153191e-07
1744 8.73755550517249e-07
1745 8.70989303054200e-07
1746 8.68231815925503e-07
1747 8.65483061357344e-07
1748 8.62743011691611e-07
1749 8.60011639334675e-07
1750 8.57288916798153e-07
1751 8.54574816666388e-07
1752 8.51869311623568e-07
1753 8.49172374436879e-07
1754 8.46483977943225e-07
1755 8.43804095096179e-07
1756 8.41132698906469e-07
1757 8.38469762496478e-07
1758 8.35815259052377e-07
1759 8.33169161846566e-07
1760 8.30531444255946e-07
1761 8.27902079726476e-07
1762 8.25281041777540e-07
1763 8.22668304041383e-07
1764 8.20063840214312e-07
1765 8.17467624071274e-07
1766 8.14879629491274e-07
1767 8.12299830424971e-07
1768 8.09728200889966e-07
1769 8.07164715013732e-07
1770 8.04609346987661e-07
1771 8.02062071098937e-07
1772 7.99522861692816e-07
1773 7.96991693223445e-07
1774 7.94468540209847e-07
1775 7.91953377257077e-07
1776 7.89446179041223e-07
1777 7.86946920338876e-07
1778 7.84455575992978e-07
1779 7.81972120914851e-07
1780 7.79496530118885e-07
1781 7.77028778688430e-07
1782 7.74568841777135e-07
1783 7.72116694638444e-07
1784 7.69672312589036e-07
1785 7.67235671018210e-07
1786 7.64806745402580e-07
1787 7.62385511302816e-07
1788 7.59971944353464e-07
1789 7.57566020252296e-07
1790 7.55167714784648e-07
1791 7.52777003826669e-07
1792 7.50393863294266e-07
1793 7.48018269219521e-07
1794 7.45650197693710e-07
1795 7.43289624872106e-07
1796 7.40936527008583e-07
1797 7.38590880417191e-07
1798 7.36252661490822e-07
1799 7.33921846699015e-07
1800 7.31598412579446e-07
1801 7.29282335750171e-07
1802 7.26973592906203e-07
1803 7.24672160810699e-07
1804 7.22378016304113e-07
1805 7.20091136294556e-07
1806 7.17811497763618e-07
1807 7.15539077785078e-07
1808 7.13273853474036e-07
1809 7.11015802044733e-07
1810 7.08764900765038e-07
1811 7.06521126986355e-07
1812 7.04284458128326e-07
1813 7.02054871683019e-07
1814 6.99832345212835e-07
1815 6.97616856352323e-07
1816 6.95408382806140e-07
1817 6.93206902348685e-07
1818 6.91012392826909e-07
1819 6.88824832150495e-07
1820 6.86644198318992e-07
1821 6.84470469377458e-07
1822 6.82303623453692e-07
1823 6.80143638750009e-07
1824 6.77990493519862e-07
1825 6.75844166103722e-07
1826 6.73704634898624e-07
1827 6.71571878381170e-07
1828 6.69445875080075e-07
1829 6.67326603611692e-07
1830 6.65214042650229e-07
1831 6.63108170931331e-07
1832 6.61008967267872e-07
1833 6.58916410536372e-07
1834 6.56830479679854e-07
1835 6.54751153706668e-07
1836 6.52678411690318e-07
1837 6.50612232790079e-07
1838 6.48552596205389e-07
1839 6.46499481201337e-07
1840 6.44452867141803e-07
1841 6.42412733411327e-07
1842 6.40379059490231e-07
1843 6.38351824914551e-07
1844 6.36331009291591e-07
1845 6.34316592281869e-07
1846 6.32308553625210e-07
1847 6.30306873108589e-07
1848 6.28311530590757e-07
1849 6.26322505992836e-07
1850 6.24339779307743e-07
1851 6.22363330586264e-07
1852 6.20393139933433e-07
1853 6.18429187537823e-07
1854 6.16471453625515e-07
1855 6.14519918516087e-07
1856 6.12574562553449e-07
1857 6.10635366176096e-07
1858 6.08702309863034e-07
1859 6.06775374187013e-07
1860 6.04854539739032e-07
1861 6.02939787201584e-07
1862 6.01031097313060e-07
1863 5.99128450854535e-07
1864 5.97231828697293e-07
1865 5.95341211750735e-07
1866 5.93456581003135e-07
1867 5.91577917491323e-07
1868 5.89705202305808e-07
1869 5.87838416601759e-07
1870 5.85977541613705e-07
1871 5.84122558601128e-07
1872 5.82273448908535e-07
1873 5.80430193937237e-07
1874 5.78592775146914e-07
1875 5.76761174031147e-07
1876 5.74935372182049e-07
1877 5.73115351225746e-07
1878 5.71301092843533e-07
1879 5.69492578792415e-07
1880 5.67689790869113e-07
1881 5.65892710947973e-07
1882 5.64101320940134e-07
1883 5.62315602823089e-07
1884 5.60535538635193e-07
1885 5.58761110471433e-07
1886 5.56992300469287e-07
1887 5.55229090845045e-07
1888 5.53471463856610e-07
1889 5.51719401827240e-07
1890 5.49972887112314e-07
1891 5.48231902158492e-07
1892 5.46496429448177e-07
1893 5.44766451514655e-07
1894 5.43041950964570e-07
1895 5.41322910444123e-07
1896 5.39609312659240e-07
1897 5.37901140375325e-07
1898 5.36198376402717e-07
1899 5.34501003614115e-07
1900 5.32809004933758e-07
1901 5.31122363338314e-07
1902 5.29441061863066e-07
1903 5.27765083592795e-07
1904 5.26094411667606e-07
1905 5.24429029286657e-07
1906 5.22768919683338e-07
1907 5.21114066174994e-07
1908 5.19464452101614e-07
1909 5.17820060880930e-07
1910 5.16180875953161e-07
1911 5.14546880840326e-07
1912 5.12918059107845e-07
1913 5.11294394360460e-07
1914 5.09675870273522e-07
1915 5.08062470561906e-07
1916 5.06454178997347e-07
1917 5.04850979400583e-07
1918 5.03252855641122e-07
1919 5.01659791663617e-07
1920 5.00071771413639e-07
1921 4.98488778932520e-07
1922 4.96910798292556e-07
1923 4.95337813624971e-07
1924 4.93769809103663e-07
1925 4.92206768949345e-07
1926 4.90648677455825e-07
1927 4.89095518936967e-07
1928 4.87547277770828e-07
1929 4.86003938386746e-07
1930 4.84465485260949e-07
1931 4.82931902914433e-07
1932 4.81403175928620e-07
1933 4.79879288918114e-07
1934 4.78360226568894e-07
1935 4.76845973585803e-07
1936 4.75336514738001e-07
1937 4.73831834845443e-07
1938 4.72331918776562e-07
1939 4.70836751438588e-07
1940 4.69346317798436e-07
1941 4.67860602860105e-07
1942 4.66379591677411e-07
1943 4.64903269361254e-07
1944 4.63431621055039e-07
1945 4.61964631958326e-07
1946 4.60502287322620e-07
1947 4.59044572429040e-07
1948 4.57591472617472e-07
1949 4.56142973272956e-07
1950 4.54699059828610e-07
1951 4.53259717759206e-07
1952 4.51824932586375e-07
1953 4.50394689888283e-07
1954 4.48968975263165e-07
1955 4.47547774377059e-07
1956 4.46131072945581e-07
1957 4.44718856699955e-07
1958 4.43311111458878e-07
1959 4.41907823047104e-07
1960 4.40508977352278e-07
1961 4.39114560311877e-07
1962 4.37724557902775e-07
1963 4.36338956126770e-07
1964 4.34957741057818e-07
1965 4.33580898807804e-07
1966 4.32208415531171e-07
1967 4.30840277408403e-07
1968 4.29476470701698e-07
1969 4.28116981678279e-07
1970 4.26761796665682e-07
1971 4.25410902032920e-07
1972 4.24064284204894e-07
1973 4.22721929628598e-07
1974 4.21383824802158e-07
1975 4.20049956265251e-07
1976 4.18720310611116e-07
1977 4.17394874455656e-07
1978 4.16073634486266e-07
1979 4.14756577398996e-07
1980 4.13443689949925e-07
1981 4.12134958941760e-07
1982 4.10830371203766e-07
1983 4.09529913623395e-07
1984 4.08233573112334e-07
1985 4.06941336642942e-07
1986 4.05653191204150e-07
1987 4.04369123858252e-07
1988 4.03089121678527e-07
1989 4.01813171804888e-07
1990 4.00541261388792e-07
1991 3.99273377647632e-07
1992 3.98009507825898e-07
1993 3.96749639213573e-07
1994 3.95493759143313e-07
1995 3.94241854989098e-07
1996 3.92993914147303e-07
1997 3.91749924085219e-07
1998 3.90509872273103e-07
1999 3.89273746254349e-07
2000 3.88041533583735e-07
2001 3.86813221876725e-07
2002 3.85588798782034e-07
2003 3.84368251987279e-07
2004 3.83151569216437e-07
2005 3.81938738229088e-07
2006 3.80729746829832e-07
2007 3.79524582854487e-07
2008 3.78323234193210e-07
2009 3.77125688763534e-07
2010 3.75931934523974e-07
2011 3.74741959459481e-07
2012 3.73555751605418e-07
2013 3.72373299040019e-07
2014 3.71194589858655e-07
2015 3.70019612223818e-07
2016 3.68848354311128e-07
2017 3.67680804336145e-07
2018 3.66516950573011e-07
2019 3.65356781303332e-07
2020 3.64200284865712e-07
2021 3.63047449636757e-07
2022 3.61898264003771e-07
2023 3.60752716426226e-07
2024 3.59610795385430e-07
2025 3.58472489381155e-07
2026 3.57337786985637e-07
2027 3.56206676777544e-07
2028 3.55079147380737e-07
2029 3.53955187459523e-07
2030 3.52834785719362e-07
2031 3.51717930885905e-07
2032 3.50604611723530e-07
2033 3.49494817036314e-07
2034 3.48388535672308e-07
2035 3.47285756504526e-07
2036 3.46186468443266e-07
2037 3.45090660433164e-07
2038 3.43998321448707e-07
2039 3.42909440509869e-07
2040 3.41824006674144e-07
2041 3.40742009024313e-07
2042 3.39663436667809e-07
2043 3.38588278763046e-07
2044 3.37516524509971e-07
2045 3.36448163120359e-07
2046 3.35383183852896e-07
2047 3.34321576000939e-07
2048 3.33263328888473e-07
2049 3.32208431861797e-07
2050 3.31156874332837e-07
2051 3.30108645717021e-07
2052 3.29063735480060e-07
2053 3.28022133105344e-07
2054 3.26983828124750e-07
2055 3.25948810102699e-07
2056 3.24917068620745e-07
2057 3.23888593310257e-07
2058 3.22863373822970e-07
2059 3.21841399854103e-07
2060 3.20822661138297e-07
2061 3.19807147411052e-07
2062 3.18794848471044e-07
2063 3.17785754147127e-07
2064 3.16779854273293e-07
2065 3.15777138747441e-07
2066 3.14777597484689e-07
2067 3.13781220436519e-07
2068 3.12787997581478e-07
2069 3.11797918936142e-07
2070 3.10810974539863e-07
2071 3.09827154474064e-07
2072 3.08846448837578e-07
2073 3.07868847775210e-07
2074 3.06894341454462e-07
2075 3.05922920078346e-07
2076 3.04954573884820e-07
2077 3.03989293135410e-07
2078 3.03027068103498e-07
2079 3.02067889131764e-07
2080 3.01111746583464e-07
2081 3.00158630822951e-07
2082 2.99208532288996e-07
2083 2.98261441413148e-07
2084 2.97317348679257e-07
2085 2.96376244586591e-07
2086 2.95438119675887e-07
2087 2.94502964521831e-07
2088 2.93570769710414e-07
2089 2.92641525877025e-07
2090 2.91715223675774e-07
2091 2.90791853793650e-07
2092 2.89871406941488e-07
2093 2.88953873862044e-07
2094 2.88039245344598e-07
2095 2.87127512179334e-07
2096 2.86218665198083e-07
2097 2.85312695274831e-07
2098 2.84409593285078e-07
2099 2.83509350155079e-07
2100 2.82611956842103e-07
2101 2.81717404311581e-07
2102 2.80825683575603e-07
2103 2.79936785658167e-07
2104 2.79050701636266e-07
2105 2.78167422585948e-07
2106 2.77286939638041e-07
2107 2.76409243927723e-07
2108 2.75534326639719e-07
2109 2.74662178977506e-07
2110 2.73792792163951e-07
2111 2.72926157466469e-07
2112 2.72062266162675e-07
2113 2.71201109579841e-07
2114 2.70342679042568e-07
2115 2.69486965931467e-07
2116 2.68633961638812e-07
2117 2.67783657588091e-07
2118 2.66936045238016e-07
2119 2.66091116059371e-07
2120 2.65248861548641e-07
2121 2.64409273252038e-07
2122 2.63572342718445e-07
2123 2.62738061535556e-07
2124 2.61906421318776e-07
2125 2.61077413701997e-07
2126 2.60251030350493e-07
2127 2.59427262958847e-07
2128 2.58606103247570e-07
2129 2.57787542948331e-07
2130 2.56971573841296e-07
2131 2.56158187722019e-07
2132 2.55347376406660e-07
2133 2.54539131743527e-07
2134 2.53733445608351e-07
2135 2.52930309917591e-07
2136 2.52129716570604e-07
2137 2.51331657533141e-07
2138 2.50536124774642e-07
2139 2.49743110295758e-07
2140 2.48952606125637e-07
2141 2.48164604316740e-07
2142 2.47379096950859e-07
2143 2.46596076128875e-07
2144 2.45815533979383e-07
2145 2.45037462641977e-07
2146 2.44261854308039e-07
2147 2.43488701168673e-07
2148 2.42717995461439e-07
2149 2.41949729432079e-07
2150 2.41183895362998e-07
2151 2.40420485550462e-07
2152 2.39659492311097e-07
2153 2.38900908006775e-07
2154 2.38144725002558e-07
2155 2.37390935708449e-07
2156 2.36639532531608e-07
2157 2.35890507913398e-07
2158 2.35143854341113e-07
2159 2.34399564293073e-07
2160 2.33657630287116e-07
2161 2.32918044882206e-07
2162 2.32180800619897e-07
2163 2.31445890102301e-07
2164 2.30713305933731e-07
2165 2.29983040764144e-07
2166 2.29255087226715e-07
2167 2.28529438011066e-07
2168 2.27806085841898e-07
2169 2.27085023417031e-07
2170 2.26366243515585e-07
2171 2.25649738890885e-07
2172 2.24935502338828e-07
2173 2.24223526689666e-07
2174 2.23513804784329e-07
2175 2.22806329477999e-07
2176 2.22101093666846e-07
2177 2.21398090265312e-07
2178 2.20697312196068e-07
2179 2.19998752419701e-07
2180 2.19302403911830e-07
2181 2.18608259658744e-07
2182 2.17916312706576e-07
2183 2.17226556079374e-07
2184 2.16538982840752e-07
2185 2.15853586104568e-07
2186 2.15170358957685e-07
2187 2.14489294534305e-07
2188 2.13810385984700e-07
2189 2.13133626493087e-07
2190 2.12459009252726e-07
2191 2.11786527474126e-07
2192 2.11116174408241e-07
2193 2.10447943304148e-07
2194 2.09781827448631e-07
2195 2.09117820151099e-07
2196 2.08455914733977e-07
2197 2.07796104531864e-07
2198 2.07138382927536e-07
2199 2.06482743290547e-07
2200 2.05829179048928e-07
2201 2.05177683624171e-07
2202 2.04528250461024e-07
2203 2.03880873031135e-07
2204 2.03235544840328e-07
2205 2.02592259393690e-07
2206 2.01951010220161e-07
2207 2.01311790869255e-07
2208 2.00674594927685e-07
2209 2.00039415969247e-07
2210 1.99406247633658e-07
2211 1.98775083546727e-07
2212 1.98145917352166e-07
2213 1.97518742732204e-07
2214 1.96893553384278e-07
2215 1.96270343021775e-07
2216 1.95649105385545e-07
2217 1.95029834217853e-07
2218 1.94412523304810e-07
2219 1.93797166433659e-07
2220 1.93183757421318e-07
2221 1.92572290093561e-07
2222 1.91962758321191e-07
2223 1.91355155957675e-07
2224 1.90749476900601e-07
2225 1.90145715068635e-07
2226 1.89543864383874e-07
2227 1.88943918799408e-07
2228 1.88345872284916e-07
2229 1.87749718825403e-07
2230 1.87155452429619e-07
2231 1.86563067127764e-07
2232 1.85972556961762e-07
2233 1.85383915980040e-07
2234 1.84797138293553e-07
2235 1.84212217977023e-07
2236 1.83629149168060e-07
2237 1.83047926000901e-07
2238 1.82468542629093e-07
2239 1.81890993233800e-07
2240 1.81315272000958e-07
2241 1.80741373155427e-07
2242 1.80169290914757e-07
2243 1.79599019537495e-07
2244 1.79030553282652e-07
2245 1.78463886441897e-07
2246 1.77899013313826e-07
2247 1.77335928227822e-07
2248 1.76774625511723e-07
2249 1.76215099539824e-07
2250 1.75657344671214e-07
2251 1.75101355302225e-07
2252 1.74547125854708e-07
2253 1.73994650745441e-07
2254 1.73443924422098e-07
2255 1.72894941353753e-07
2256 1.72347696019807e-07
2257 1.71802182920893e-07
2258 1.71258396564703e-07
2259 1.70716331493258e-07
2260 1.70175982256340e-07
2261 1.69637343415779e-07
2262 1.69100409560156e-07
2263 1.68565175305014e-07
2264 1.68031635251443e-07
2265 1.67499784039641e-07
2266 1.66969616330866e-07
2267 1.66441126792935e-07
2268 1.65914310109090e-07
2269 1.65389160992004e-07
2270 1.64865674154378e-07
2271 1.64343844325983e-07
2272 1.63823666289188e-07
2273 1.63305134788642e-07
2274 1.62788244621390e-07
2275 1.62272990592127e-07
2276 1.61759367512848e-07
2277 1.61247370239440e-07
2278 1.60736993610000e-07
2279 1.60228232490859e-07
2280 1.59721081783417e-07
2281 1.59215536375265e-07
2282 1.58711591194268e-07
2283 1.58209241168466e-07
2284 1.57708481248474e-07
2285 1.57209306404104e-07
2286 1.56711711616534e-07
2287 1.56215691880035e-07
2288 1.55721242219476e-07
2289 1.55228357647262e-07
2290 1.54737033226821e-07
2291 1.54247264000968e-07
2292 1.53759045060476e-07
2293 1.53272371497052e-07
2294 1.52787238415383e-07
2295 1.52303640933117e-07
2296 1.51821574194618e-07
2297 1.51341033354992e-07
2298 1.50862013583924e-07
2299 1.50384510061147e-07
2300 1.49908517990413e-07
2301 1.49434032591280e-07
2302 1.48961049088766e-07
2303 1.48489562729834e-07
2304 1.48019568774164e-07
2305 1.47551062499331e-07
2306 1.47084039197226e-07
2307 1.46618494164629e-07
2308 1.46154422735193e-07
2309 1.45691820230579e-07
2310 1.45230682006250e-07
2311 1.44771003435833e-07
2312 1.44312779888952e-07
2313 1.43856006757128e-07
2314 1.43400679456193e-07
2315 1.42946793399201e-07
2316 1.42494344040333e-07
2317 1.42043326816007e-07
2318 1.41593737199858e-07
2319 1.41145570681885e-07
2320 1.40698822732965e-07
2321 1.40253488876791e-07
2322 1.39809564637532e-07
2323 1.39367045550560e-07
2324 1.38925927171458e-07
2325 1.38486205061250e-07
2326 1.38047874809220e-07
2327 1.37610931993276e-07
2328 1.37175372234865e-07
2329 1.36741191149385e-07
2330 1.36308384373581e-07
2331 1.35876947563204e-07
2332 1.35446876374679e-07
2333 1.35018166484292e-07
2334 1.34590813584842e-07
2335 1.34164813383401e-07
2336 1.33740161592090e-07
2337 1.33316853949607e-07
2338 1.32894886189873e-07
2339 1.32474254086278e-07
2340 1.32054953396944e-07
2341 1.31636979923512e-07
2342 1.31220329446497e-07
2343 1.30804997788318e-07
2344 1.30390980768135e-07
2345 1.29978274232017e-07
2346 1.29566874023042e-07
2347 1.29156776015417e-07
2348 1.28747976077016e-07
2349 1.28340470108943e-07
2350 1.27934254007394e-07
2351 1.27529323687328e-07
2352 1.27125675088742e-07
2353 1.26723304146597e-07
2354 1.26322206816815e-07
2355 1.25922379072011e-07
2356 1.25523816887770e-07
2357 1.25126516265164e-07
2358 1.24730473197245e-07
2359 1.24335683716111e-07
2360 1.23942143855523e-07
2361 1.23549849651443e-07
2362 1.23158797160353e-07
2363 1.22768982453155e-07
2364 1.22380401621087e-07
2365 1.21993050737976e-07
2366 1.21606925927008e-07
2367 1.21222023298160e-07
2368 1.20838338993717e-07
2369 1.20455869152481e-07
2370 1.20074609914708e-07
2371 1.19694557471913e-07
2372 1.19315707996815e-07
2373 1.18938057662717e-07
2374 1.18561602702775e-07
2375 1.18186339315125e-07
2376 1.17812263732884e-07
2377 1.17439372195884e-07
2378 1.17067660957711e-07
2379 1.16697126275745e-07
2380 1.16327764432087e-07
2381 1.15959571705345e-07
2382 1.15592544401112e-07
2383 1.15226678831316e-07
2384 1.14861971316244e-07
2385 1.14498418199067e-07
2386 1.14136015813172e-07
2387 1.13774760522224e-07
2388 1.13414648683873e-07
2389 1.13055676696027e-07
2390 1.12697840941578e-07
2391 1.12341137824705e-07
2392 1.11985563757006e-07
2393 1.11631115174618e-07
2394 1.11277788500962e-07
2395 1.10925580192869e-07
2396 1.10574486716731e-07
2397 1.10224504524884e-07
2398 1.09875630104638e-07
2399 1.09527859967011e-07
2400 1.09181190598982e-07
2401 1.08835618523407e-07
2402 1.08491140268101e-07
2403 1.08147752364244e-07
2404 1.07805451372894e-07
2405 1.07464233832722e-07
2406 1.07124096330427e-07
2407 1.06785035439007e-07
2408 1.06447047753329e-07
2409 1.06110129879907e-07
2410 1.05774278424678e-07
2411 1.05439490027062e-07
2412 1.05105761303890e-07
2413 1.04773088909905e-07
2414 1.04441469501841e-07
2415 1.04110899742841e-07
2416 1.03781376307677e-07
2417 1.03452895889905e-07
2418 1.03125455188940e-07
2419 1.02799050913345e-07
2420 1.02473679775707e-07
2421 1.02149338517735e-07
2422 1.01826023866939e-07
2423 1.01503732580229e-07
2424 1.01182461414362e-07
2425 1.00862207141916e-07
2426 1.00542966550616e-07
2427 1.00224736425101e-07
2428 9.99075135617881e-08
2429 9.95912947821390e-08
2430 9.92760769005574e-08
2431 9.89618567506564e-08
2432 9.86486311720372e-08
2433 9.83363970245172e-08
2434 9.80251511647333e-08
2435 9.77148904644828e-08
2436 9.74056118100179e-08
2437 9.70973120889810e-08
2438 9.67899881937251e-08
2439 9.64836370459133e-08
2440 9.61782555667332e-08
2441 9.58738406832992e-08
2442 9.55703893316243e-08
2443 9.52678984755851e-08
2444 9.49663650679798e-08
2445 9.46657860720862e-08
2446 9.43661584683106e-08
2447 9.40674792499490e-08
2448 9.37697454136140e-08
2449 9.34729539664163e-08
2450 9.31771019227809e-08
2451 9.28821863139499e-08
2452 9.25882041676655e-08
2453 9.22951525379869e-08
2454 9.20030284742612e-08
2455 9.17118290430832e-08
2456 9.14215513152685e-08
2457 9.11321923764180e-08
2458 9.08437493174915e-08
2459 9.05562192376718e-08
2460 9.02695992456850e-08
2461 8.99838864674075e-08
2462 8.96990780209023e-08
2463 8.94151710556576e-08
2464 8.91321627079611e-08
2465 8.88500501333928e-08
2466 8.85688305020613e-08
2467 8.82885009864677e-08
2468 8.80090587708114e-08
2469 8.77305010396548e-08
2470 8.74528250010262e-08
2471 8.71760278584097e-08
2472 8.69001068288761e-08
2473 8.66250591523799e-08
2474 8.63508820415506e-08
2475 8.60775727621479e-08
2476 8.58051285550095e-08
2477 8.55335466878005e-08
2478 8.52628244285686e-08
2479 8.49929590504612e-08
2480 8.47239478562888e-08
2481 8.44557881172112e-08
2482 8.41884771662333e-08
2483 8.39220122994191e-08
2484 8.36563908401803e-08
2485 8.33916101297812e-08
2486 8.31276675011569e-08
2487 8.28645602955837e-08
2488 8.26022858696178e-08
2489 8.23408415902675e-08
2490 8.20802248302216e-08
2491 8.18204329713418e-08
2492 8.15614633968025e-08
2493 8.13033135164253e-08
2494 8.10459807207614e-08
2495 8.07894624320002e-08
2496 8.05337560613617e-08
2497 8.02788590517998e-08
2498 8.00247688344051e-08
2499 7.97714828597415e-08
2500 7.95189985804825e-08
2501 7.92673134573163e-08
2502 7.90164249664372e-08
2503 7.87663305768057e-08
2504 7.85170277823565e-08
2505 7.82685140703636e-08
2506 7.80207869525615e-08
2507 7.77738439325580e-08
2508 7.75276825261676e-08
2509 7.72823002644288e-08
2510 7.70376946871545e-08
2511 7.67938633191500e-08
2512 7.65508037200981e-08
2513 7.63085134499120e-08
2514 7.60669900660905e-08
2515 7.58262311435126e-08
2516 7.55862342687861e-08
2517 7.53469970237971e-08
2518 7.51085170016579e-08
2519 7.48707918103686e-08
2520 7.46338190493572e-08
2521 7.43975963611681e-08
2522 7.41621213523688e-08
2523 7.39273916563862e-08
2524 7.36934049248316e-08
2525 7.34601587896616e-08
2526 7.32276509271599e-08
2527 7.29958789886250e-08
2528 7.27648406407593e-08
2529 7.25345335673974e-08
2530 7.23049554606495e-08
2531 7.20761039998239e-08
2532 7.18479768948217e-08
2533 7.16205718433930e-08
2534 7.13938865662477e-08
2535 7.11679187851728e-08
2536 7.09426662346551e-08
2537 7.07181266347615e-08
2538 7.04942977372136e-08
2539 7.02711772999833e-08
2540 7.00487630661270e-08
2541 6.98270528109141e-08
2542 6.96060443103128e-08
2543 6.93857353358453e-08
2544 6.91661236619273e-08
2545 6.89472070982529e-08
2546 6.87289834451121e-08
2547 6.85114504982199e-08
2548 6.82946060792327e-08
2549 6.80784480018923e-08
2550 6.78629741002162e-08
2551 6.76481822016807e-08
2552 6.74340701673777e-08
2553 6.72206358161370e-08
2554 6.70078770202668e-08
2555 6.67957916428104e-08
2556 6.65843775370630e-08
2557 6.63736325979882e-08
2558 6.61635546897280e-08
2559 6.59541417162993e-08
2560 6.57453915575822e-08
2561 6.55373021330708e-08
2562 6.53298713408750e-08
2563 6.51230970937224e-08
2564 6.49169773189709e-08
2565 6.47115099471832e-08
2566 6.45066929068613e-08
2567 6.43025241430070e-08
2568 6.40990016020609e-08
2569 6.38961232380884e-08
2570 6.36938870130213e-08
2571 6.34922908966853e-08
2572 6.32913328636386e-08
2573 6.30910108850588e-08
2574 6.28913229563466e-08
2575 6.26922670644871e-08
2576 6.24938412180045e-08
2577 6.22960434184016e-08
2578 6.20988716753380e-08
2579 6.19023240087088e-08
2580 6.17063984447459e-08
2581 6.15110930122524e-08
2582 6.13164057453581e-08
2583 6.11223346933990e-08
2584 6.09288778986149e-08
2585 6.07360334248409e-08
2586 6.05437993328877e-08
2587 6.03521736868548e-08
2588 6.01611545630621e-08
2589 5.99707400368286e-08
2590 5.97809281984868e-08
2591 5.95917171446175e-08
2592 5.94031049701369e-08
2593 5.92150897729475e-08
2594 5.90276696689606e-08
2595 5.88408427756855e-08
2596 5.86546072213312e-08
2597 5.84689611200405e-08
2598 5.82839026118225e-08
2599 5.80994298393731e-08
2600 5.79155409566681e-08
2601 5.77322341002264e-08
2602 5.75495074342108e-08
2603 5.73673591274999e-08
2604 5.71857873332462e-08
2605 5.70047902423268e-08
2606 5.68243660304404e-08
2607 5.66445128819218e-08
2608 5.64652289958019e-08
2609 5.62865125616478e-08
2610 5.61083617916126e-08
2611 5.59307748938235e-08
2612 5.57537500787658e-08
2613 5.55772855746230e-08
2614 5.54013796006595e-08
2615 5.52260303909262e-08
2616 5.50512361859592e-08
2617 5.48769952213637e-08
2618 5.47033057511951e-08
2619 5.45301660290314e-08
2620 5.43575743183741e-08
2621 5.41855288863876e-08
2622 5.40140279912835e-08
2623 5.38430699208717e-08
2624 5.36726529548246e-08
2625 5.35027753768263e-08
2626 5.33334354885371e-08
2627 5.31646315807432e-08
2628 5.29963619515289e-08
2629 5.28286249216686e-08
2630 5.26614187978236e-08
2631 5.24947419066792e-08
2632 5.23285925554940e-08
2633 5.21629690931934e-08
2634 5.19978698534477e-08
2635 5.18332931748647e-08
2636 5.16692373938194e-08
2637 5.15057008699027e-08
2638 5.13426819614846e-08
2639 5.11801790231344e-08
2640 5.10181904267636e-08
2641 5.08567145462200e-08
2642 5.06957497551178e-08
2643 5.05352944301881e-08
2644 5.03753469708038e-08
2645 5.02159057634251e-08
2646 5.00569692019734e-08
2647 4.98985356997573e-08
2648 4.97406036573797e-08
2649 4.95831714936743e-08
2650 4.94262376092700e-08
2651 4.92698004451076e-08
2652 4.91138584197853e-08
2653 4.89584099674430e-08
2654 4.88034535253191e-08
2655 4.86489875430581e-08
2656 4.84950104590447e-08
2657 4.83415207337962e-08
2658 4.81885168202451e-08
2659 4.80359971760249e-08
2660 4.78839602772905e-08
2661 4.77324045911391e-08
2662 4.75813285961500e-08
2663 4.74307307773088e-08
2664 4.72806096149344e-08
2665 4.71309636022520e-08
2666 4.69817912361435e-08
2667 4.68330910163701e-08
2668 4.66848614463161e-08
2669 4.65371010447224e-08
2670 4.63898083166198e-08
2671 4.62429817859476e-08
2672 4.60966199757436e-08
2673 4.59507214230038e-08
2674 4.58052846500527e-08
2675 4.56603082014347e-08
2676 4.55157906174829e-08
2677 4.53717304444677e-08
2678 4.52281262399558e-08
2679 4.50849765534968e-08
2680 4.49422799523536e-08
2681 4.48000350060845e-08
2682 4.46582402775927e-08
2683 4.45168943436539e-08
2684 4.43759957869787e-08
2685 4.42355431906434e-08
2686 4.40955351365980e-08
2687 4.39559702235880e-08
2688 4.38168470459792e-08
2689 4.36781642140694e-08
2690 4.35399203214369e-08
2691 4.34021139855012e-08
2692 4.32647438247442e-08
2693 4.31278084488918e-08
2694 4.29913064867236e-08
2695 4.28552365700024e-08
2696 4.27195973333593e-08
2697 4.25843874018074e-08
2698 4.24496054319698e-08
2699 4.23152500550873e-08
2700 4.21813199255086e-08
2701 4.20478136948820e-08
2702 4.19147300260605e-08
2703 4.17820675842696e-08
2704 4.16498250277778e-08
2705 4.15180010328524e-08
2706 4.13865942817903e-08
2707 4.12556034370147e-08
2708 4.11250271937974e-08
2709 4.09948642379222e-08
2710 4.08651132589337e-08
2711 4.07357729596389e-08
2712 4.06068420235819e-08
2713 4.04783191729822e-08
2714 4.03502031103406e-08
2715 4.02224925460962e-08
2716 4.00951862003339e-08
2717 3.99682827857395e-08
2718 3.98417810356085e-08
2719 3.97156796790204e-08
2720 3.95899774394422e-08
2721 3.94646730620630e-08
2722 3.93397652840847e-08
2723 3.92152528553680e-08
2724 3.90911345159842e-08
2725 3.89674090243858e-08
2726 3.88440751316890e-08
2727 3.87211316021987e-08
2728 3.85985772052095e-08
2729 3.84764106984641e-08
2730 3.83546308684363e-08
2731 3.82332364790506e-08
2732 3.81122263167360e-08
2733 3.79915991574823e-08
2734 3.78713537974407e-08
2735 3.77514890205341e-08
2736 3.76320036308142e-08
2737 3.75128964197396e-08
2738 3.73941662000094e-08
2739 3.72758117637881e-08
2740 3.71578319300117e-08
2741 3.70402255164094e-08
2742 3.69229913369236e-08
2743 3.68061282145895e-08
2744 3.66896349795402e-08
2745 3.65735104478542e-08
2746 3.64577534677014e-08
2747 3.63423628611931e-08
2748 3.62273374788621e-08
2749 3.61126761580222e-08
2750 3.59983777593511e-08
2751 3.58844411236173e-08
2752 3.57708650996439e-08
2753 3.56576485585884e-08
2754 3.55447903596835e-08
2755 3.54322893635236e-08
2756 3.53201444468695e-08
2757 3.52083544705226e-08
2758 3.50969183246012e-08
2759 3.49858348798787e-08
2760 3.48751030260663e-08
2761 3.47647216473664e-08
2762 3.46546896350496e-08
2763 3.45450058853558e-08
2764 3.44356692928515e-08
2765 3.43266787553603e-08
2766 3.42180331871912e-08
2767 3.41097314936177e-08
2768 3.40017725799717e-08
2769 3.38941553617595e-08
2770 3.37868787698266e-08
2771 3.36799417115956e-08
2772 3.35733431164310e-08
2773 3.34670819117866e-08
2774 3.33611570385652e-08
2775 3.32555674248925e-08
2776 3.31503120130324e-08
2777 3.30453897389775e-08
2778 3.29407995560567e-08
2779 3.28365404110835e-08
2780 3.27326112542461e-08
2781 3.26290110382531e-08
2782 3.25257387239430e-08
2783 3.24227932760646e-08
2784 3.23201736597694e-08
2785 3.22178788440143e-08
2786 3.21159077983681e-08
2787 3.20142594975550e-08
2788 3.19129329244782e-08
2789 3.18119270568960e-08
2790 3.17112408806202e-08
2791 3.16108733783355e-08
2792 3.15108235519648e-08
2793 3.14110903918021e-08
2794 3.13116728996585e-08
2795 3.12125700634542e-08
2796 3.11137808955878e-08
2797 3.10153044022331e-08
2798 3.09171395961466e-08
2799 3.08192854958079e-08
2800 3.07217411043324e-08
2801 3.06245054551078e-08
2802 3.05275775532998e-08
2803 3.04309564398791e-08
2804 3.03346411402916e-08
2805 3.02386306891412e-08
2806 3.01429241122315e-08
2807 3.00475204583794e-08
2808 2.99524187626658e-08
2809 2.98576180683518e-08
2810 2.97631174366149e-08
2811 2.96689158935693e-08
2812 2.95750125124457e-08
2813 2.94814063403877e-08
2814 2.93880964409220e-08
2815 2.92950818725392e-08
2816 2.92023616941584e-08
2817 2.91099349954653e-08
2818 2.90178008248061e-08
2819 2.89259582673531e-08
2820 2.88344064010498e-08
2821 2.87431442986997e-08
2822 2.86521710501772e-08
2823 2.85614857379849e-08
2824 2.84710874479091e-08
2825 2.83809752784273e-08
2826 2.82911483240399e-08
2827 2.82016056772595e-08
2828 2.81123464347600e-08
2829 2.80233697048173e-08
2830 2.79346745907457e-08
2831 2.78462602063390e-08
2832 2.77581256574526e-08
2833 2.76702700664979e-08
2834 2.75826925377950e-08
2835 2.74953922005702e-08
2836 2.74083681761255e-08
2837 2.73216195916859e-08
2838 2.72351455661863e-08
2839 2.71489452360283e-08
2840 2.70630177429595e-08
2841 2.69773622092777e-08
2842 2.68919777880527e-08
2843 2.68068636126471e-08
2844 2.67220188254759e-08
2845 2.66374425833969e-08
2846 2.65531340285715e-08
2847 2.64690923067663e-08
2848 2.63853165933553e-08
2849 2.63018060320917e-08
2850 2.62185597844493e-08
2851 2.61355770193811e-08
2852 2.60528569039376e-08
2853 2.59703985997498e-08
2854 2.58882012802189e-08
2855 2.58062641205958e-08
2856 2.57245863017354e-08
2857 2.56431670002765e-08
2858 2.55620053918265e-08
2859 2.54811006611167e-08
2860 2.54004520081829e-08
2861 2.53200586094918e-08
2862 2.52399196594998e-08
2863 2.51600343555213e-08
2864 2.50804018951758e-08
2865 2.50010214778866e-08
2866 2.49218923042192e-08
2867 2.48430135792142e-08
2868 2.47643845113905e-08
2869 2.46860043034090e-08
2870 2.46078721823463e-08
2871 2.45299873465166e-08
2872 2.44523490276483e-08
2873 2.43749564334654e-08
2874 2.42978087900312e-08
2875 2.42209053286009e-08
2876 2.41442452712516e-08
2877 2.40678278460547e-08
2878 2.39916522849860e-08
2879 2.39157178288308e-08
2880 2.38400237080402e-08
2881 2.37645691616550e-08
2882 2.36893534363473e-08
2883 2.36143757702540e-08
2884 2.35396354175568e-08
2885 2.34651316170099e-08
2886 2.33908636268832e-08
2887 2.33168307038797e-08
2888 2.32430320930103e-08
2889 2.31694670661930e-08
2890 2.30961348729745e-08
2891 2.30230347872575e-08
2892 2.29501660639030e-08
2893 2.28775279706185e-08
2894 2.28051197832744e-08
2895 2.27329407707983e-08
2896 2.26609902133485e-08
2897 2.25892673854917e-08
2898 2.25177715580110e-08
2899 2.24465020167906e-08
2900 2.23754580536176e-08
2901 2.23046389458464e-08
2902 2.22340439871274e-08
2903 2.21636724658676e-08
2904 2.20935236718447e-08
2905 2.20235969073880e-08
2906 2.19538914595929e-08
2907 2.18844066380471e-08
2908 2.18151417352742e-08
2909 2.17460960616600e-08
2910 2.16772689231749e-08
2911 2.16086596258300e-08
2912 2.15402674828789e-08
2913 2.14720917992971e-08
2914 2.14041319014431e-08
2915 2.13363870984480e-08
2916 2.12688567136431e-08
2917 2.12015400624969e-08
2918 2.11344364737360e-08
2919 2.10675452766033e-08
2920 2.10008657878250e-08
2921 2.09343973482799e-08
2922 2.08681392805126e-08
2923 2.08020909270737e-08
2924 2.07362516151167e-08
2925 2.06706206895414e-08
2926 2.06051974983454e-08
2927 2.05399813624370e-08
2928 2.04749716446640e-08
2929 2.04101676839770e-08
2930 2.03455688354676e-08
2931 2.02811744438692e-08
2932 2.02169838608902e-08
2933 2.01529964501837e-08
2934 2.00892115631494e-08
2935 2.00256285548018e-08
2936 1.99622467885548e-08
2937 1.98990656316507e-08
2938 1.98360844423545e-08
2939 1.97733026006153e-08
2940 1.97107194647132e-08
2941 1.96483344024669e-08
2942 1.95861467958362e-08
2943 1.95241560167139e-08
2944 1.94623614413293e-08
2945 1.94007624478401e-08
2946 1.93393584219613e-08
2947 1.92781487408122e-08
2948 1.92171327918435e-08
2949 1.91563099616187e-08
2950 1.90956796371012e-08
2951 1.90352412092406e-08
2952 1.89749940712294e-08
2953 1.89149376202935e-08
2954 1.88550712568171e-08
2955 1.87953943682457e-08
2956 1.87359063606494e-08
2957 1.86766066343862e-08
2958 1.86174945944118e-08
2959 1.85585696494288e-08
2960 1.84998312051269e-08
2961 1.84412786705853e-08
2962 1.83829114546434e-08
2963 1.83247289772139e-08
2964 1.82667306481098e-08
2965 1.82089158843579e-08
2966 1.81512841153326e-08
2967 1.80938347493927e-08
2968 1.80365672102542e-08
2969 1.79794809312271e-08
2970 1.79225753302774e-08
2971 1.78658498404681e-08
2972 1.78093038890260e-08
2973 1.77529369077919e-08
2974 1.76967483321682e-08
2975 1.76407375950359e-08
2976 1.75849041349895e-08
2977 1.75292473894356e-08
2978 1.74737667999848e-08
2979 1.74184618063226e-08
2980 1.73633318617188e-08
2981 1.73083764024031e-08
2982 1.72535948800976e-08
2983 1.71989867472181e-08
2984 1.71445514431654e-08
2985 1.70902884400361e-08
2986 1.70361971742335e-08
2987 1.69822771135694e-08
2988 1.69285277133474e-08
2989 1.68749484288044e-08
2990 1.68215387286395e-08
2991 1.67682980727805e-08
2992 1.67152259241188e-08
2993 1.66623217513835e-08
2994 1.66095850222849e-08
2995 1.65570152089344e-08
2996 1.65046117759465e-08
2997 1.64523742147167e-08
2998 1.64003019759448e-08
2999 1.63483945560282e-08
3000 1.62966514221422e-08
3001 1.62450720558083e-08
3002 1.61936559433151e-08
3003 1.61424025637071e-08
3004 1.60913114045577e-08
3005 1.60403819486186e-08
3006 1.59896136920199e-08
3007 1.59390061160521e-08
3008 1.58885587161162e-08
3009 1.58382709800986e-08
3010 1.57881424107462e-08
3011 1.57381725010850e-08
3012 1.56883607435234e-08
3013 1.56387066468490e-08
3014 1.55892097086902e-08
3015 1.55398694302624e-08
3016 1.54906853123938e-08
3017 1.54416568724659e-08
3018 1.53927836025902e-08
3019 1.53440650187085e-08
3020 1.52955006301017e-08
3021 1.52470899530994e-08
3022 1.51988325005867e-08
3023 1.51507277856265e-08
3024 1.51027753194302e-08
3025 1.50549746289460e-08
3026 1.50073252245430e-08
3027 1.49598266391211e-08
3028 1.49124783802332e-08
3029 1.48652799839518e-08
3030 1.48182309739427e-08
3031 1.47713308744512e-08
3032 1.47245792173303e-08
3033 1.46779755362681e-08
3034 1.46315193483143e-08
3035 1.45852102019791e-08
3036 1.45390476215973e-08
3037 1.44930311536770e-08
3038 1.44471603244954e-08
3039 1.44014346773557e-08
3040 1.43558537599511e-08
3041 1.43104171039345e-08
3042 1.42651242613021e-08
3043 1.42199747688901e-08
3044 1.41749681738817e-08
3045 1.41301040270843e-08
3046 1.40853818849366e-08
3047 1.40408012803520e-08
3048 1.39963617788606e-08
3049 1.39520629347506e-08
3050 1.39079042956846e-08
3051 1.38638854149042e-08
3052 1.38200058590375e-08
3053 1.37762651891493e-08
3054 1.37326629504020e-08
3055 1.36891987230996e-08
3056 1.36458720628154e-08
3057 1.36026825255246e-08
3058 1.35596296909663e-08
3059 1.35167131195167e-08
3060 1.34739323814875e-08
3061 1.34312870427150e-08
3062 1.33887766781698e-08
3063 1.33464008601934e-08
3064 1.33041591665372e-08
3065 1.32620511639797e-08
3066 1.32200764382452e-08
3067 1.31782345660118e-08
3068 1.31365251237647e-08
3069 1.30949476942835e-08
3070 1.30535018602415e-08
3071 1.30121872047541e-08
3072 1.29710033033780e-08
3073 1.29299497580181e-08
3074 1.28890261430138e-08
3075 1.28482320630586e-08
3076 1.28075670905052e-08
3077 1.27670308277596e-08
3078 1.27266228581145e-08
3079 1.26863427896742e-08
3080 1.26461902037789e-08
3081 1.26061647014274e-08
3082 1.25662658855103e-08
3083 1.25264933484426e-08
3084 1.24868466954217e-08
3085 1.24473255214715e-08
3086 1.24079294359501e-08
3087 1.23686580384462e-08
3088 1.23295109403445e-08
3089 1.22904877370933e-08
3090 1.22515880514790e-08
3091 1.22128114742681e-08
3092 1.21741576363170e-08
3093 1.21356261349015e-08
3094 1.20972165877140e-08
3095 1.20589286058965e-08
3096 1.20207618123777e-08
3097 1.19827158129065e-08
3098 1.19447902341534e-08
3099 1.19069846889104e-08
3100 1.18692988096993e-08
3101 1.18317321946263e-08
3102 1.17942844845102e-08
3103 1.17569552980544e-08
3104 1.17197442555459e-08
3105 1.16826509931130e-08
3106 1.16456751277664e-08
3107 1.16088162950591e-08
3108 1.15720741218047e-08
3109 1.15354482405132e-08
3110 1.14989382754131e-08
3111 1.14625438708947e-08
3112 1.14262646525451e-08
3113 1.13901002605757e-08
3114 1.13540503349379e-08
3115 1.13181145008085e-08
3116 1.12822924123641e-08
3117 1.12465836966416e-08
3118 1.12109880021876e-08
3119 1.11755049639578e-08
3120 1.11401342382234e-08
3121 1.11048754595128e-08
3122 1.10697282758388e-08
3123 1.10346923355813e-08
3124 1.09997672793883e-08
3125 1.09649527678705e-08
3126 1.09302484482798e-08
3127 1.08956539635013e-08
3128 1.08611689754065e-08
3129 1.08267931285851e-08
3130 1.07925260827829e-08
3131 1.07583674992165e-08
3132 1.07243170224695e-08
3133 1.06903743236531e-08
3134 1.06565390485750e-08
3135 1.06228108653677e-08
3136 1.05891894296950e-08
3137 1.05556744105832e-08
3138 1.05222654700510e-08
3139 1.04889622691814e-08
3140 1.04557644687122e-08
3141 1.04226717446197e-08
3142 1.03896837544556e-08
3143 1.03568001771366e-08
3144 1.03240206786776e-08
3145 1.02913449265032e-08
3146 1.02587725961208e-08
3147 1.02263033533040e-08
3148 1.01939368818921e-08
3149 1.01616728536202e-08
3150 1.01295109350620e-08
3151 1.00974508146080e-08
3152 1.00654921619717e-08
3153 1.00336346632025e-08
3154 1.00018779929970e-08
3155 9.97022183781215e-09
